#KeyframeAnimationInfo
Keyframe_Length: 441
BoneCount: 12
WeightVertexCount: 1049

#Bone: Spine 
globalBindposeInverse: 1 0 0 0 0 0 0.99999 0 0 -0.99999 0 0 0 0 -0.34442 1
keyframe: 0 0.95216 0.30463 0.02411 0 -0.0486 0.22886 -0.97224 0 -0.3017 0.92456 0.23272 0 -0.0165 0.4611 -0.00836 1
keyframe: 1 0.95191 0.30539 0.02418 0 -0.0432 0.21197 -0.97631 0 -0.30328 0.92833 0.21497 0 -0.01685 0.46998 -0.00804 1
keyframe: 2 0.95146 0.3068 0.02426 0 -0.02988 0.17057 -0.98489 0 -0.30631 0.93636 0.17146 0 -0.01771 0.47942 -0.00725 1
keyframe: 3 0.95102 0.30815 0.0242 0 -0.01011 0.10931 -0.99395 0 -0.30893 0.94503 0.10708 0 -0.01896 0.48908 -0.00609 1
keyframe: 4 0.95091 0.30853 0.02382 0 0.01317 0.03656 -0.99924 0 -0.30917 0.9505 0.0307 0 -0.02041 0.49849 -0.00472 1
keyframe: 5 0.95139 0.30712 0.02295 0 0.03693 -0.03977 -0.99852 0 -0.30576 0.95083 -0.04918 0 -0.02191 0.50726 -0.00325 1
keyframe: 6 0.95274 0.303 0.02146 0 0.05768 -0.11107 -0.99213 0 -0.29823 0.94649 -0.1233 0 -0.02326 0.51494 -0.00182 1
keyframe: 7 0.95522 0.29525 0.01927 0 0.07206 -0.16898 -0.98297 0 -0.28697 0.94035 -0.18269 0 -0.02428 0.52112 -0.0006 1
keyframe: 8 0.95888 0.28332 0.0164 0 0.07748 -0.20575 -0.97553 0 -0.27301 0.93669 -0.21924 0 -0.02487 0.52542 0.00027 1
keyframe: 9 0.96426 0.26463 0.01272 0 0.07205 -0.21571 -0.97379 0 -0.25495 0.93991 -0.22707 0 -0.02449 0.52743 0.00069 1
keyframe: 10 0.97197 0.23495 0.00796 0 0.05539 -0.19599 -0.97903 0 -0.22847 0.95204 -0.20351 0 -0.02222 0.52677 0.00066 1
keyframe: 11 0.98131 0.19238 0.00201 0 0.03187 -0.15221 -0.98783 0 -0.18973 0.96944 -0.1555 0 -0.01756 0.52364 0.00033 1
keyframe: 12 0.99002 0.14083 -0.00457 0 0.00815 -0.08967 -0.99593 0 -0.14066 0.98596 -0.08992 0 -0.01118 0.51861 -0.00028 1
keyframe: 13 0.99643 0.08357 -0.01135 0 -0.0102 -0.0142 -0.99984 0 -0.08371 0.9964 -0.01329 0 -0.00364 0.51216 -0.00116 1
keyframe: 14 0.99955 0.02403 -0.01785 0 -0.01943 0.06714 -0.99755 0 -0.02277 0.99745 0.06758 0 0.00447 0.50485 -0.00224 1
keyframe: 15 0.99913 -0.03422 -0.02365 0 -0.01838 0.14668 -0.98901 0 0.03732 0.98859 0.14593 0 0.01257 0.49733 -0.00343 1
keyframe: 16 0.99576 -0.08741 -0.02835 0 -0.00878 0.21654 -0.97623 0 0.09147 0.97235 0.21485 0 0.01998 0.49042 -0.0046 1
keyframe: 17 0.99076 -0.13183 -0.03165 0 0.00515 0.26994 -0.96286 0 0.13548 0.9538 0.26812 0 0.02604 0.48503 -0.0056 1
keyframe: 18 0.98595 -0.16361 -0.03352 0 0.01763 0.30156 -0.95328 0 0.16608 0.9393 0.30021 0 0.03002 0.4822 -0.00621 1
keyframe: 19 0.98261 -0.18268 -0.03313 0 0.02525 0.30833 -0.95094 0 0.18394 0.93357 0.30759 0 0.03182 0.4824 -0.00641 1
keyframe: 20 0.98076 -0.19301 -0.02898 0 0.02867 0.28941 -0.95677 0 0.19305 0.93754 0.28938 0 0.03203 0.48542 -0.00634 1
keyframe: 21 0.97931 -0.20132 -0.0203 0 0.03146 0.25063 -0.96757 0 0.19988 0.94691 0.25178 0 0.03184 0.49015 -0.00626 1
keyframe: 22 0.97829 -0.20704 -0.00855 0 0.03317 0.19727 -0.97978 0 0.20454 0.95823 0.19985 0 0.03119 0.4963 -0.00616 1
keyframe: 23 0.97762 -0.21027 0.00512 0 0.03407 0.13431 -0.99035 0 0.20756 0.96837 0.13847 0 0.03011 0.50355 -0.00604 1
keyframe: 24 0.97726 -0.21112 0.0196 0 0.03448 0.06704 -0.99715 0 0.2092 0.97515 0.0728 0 0.02868 0.51155 -0.00591 1
keyframe: 25 0.97718 -0.20967 0.03376 0 0.03473 0.00095 -0.99939 0 0.20951 0.97777 0.00821 0 0.02694 0.51998 -0.00576 1
keyframe: 26 0.97744 -0.20605 0.04639 0 0.03512 -0.05802 -0.99769 0 0.20826 0.97682 -0.04947 0 0.02495 0.52847 -0.00561 1
keyframe: 27 0.9781 -0.20034 0.05632 0 0.0359 -0.10415 -0.99391 0 0.20499 0.97417 -0.09467 0 0.0228 0.53666 -0.00545 1
keyframe: 28 0.97907 -0.1937 0.06231 0 0.03691 -0.13207 -0.99055 0 0.2001 0.97212 -0.12216 0 0.0206 0.54439 -0.00531 1
keyframe: 29 0.98148 -0.18053 0.06397 0 0.03911 -0.13804 -0.98965 0 0.18749 0.97383 -0.12842 0 0.01806 0.55046 -0.00519 1
keyframe: 30 0.98686 -0.14915 0.06201 0 0.04408 -0.1207 -0.9917 0 0.1554 0.98141 -0.11254 0 0.01451 0.55277 -0.00515 1
keyframe: 31 0.99406 -0.09187 0.05829 0 0.05049 -0.08508 -0.99509 0 0.09638 0.99212 -0.07993 0 0.00957 0.54978 -0.00529 1
keyframe: 32 0.99841 -0.01864 0.0531 0 0.0524 -0.03612 -0.99797 0 0.02052 0.99917 -0.03508 0 0.00398 0.54259 -0.00562 1
keyframe: 33 0.99694 0.06244 0.04682 0 0.04561 0.02071 -0.99874 0 -0.06333 0.99783 0.0178 0 -0.00169 0.53201 -0.00615 1
keyframe: 34 0.98891 0.14302 0.03998 0 0.02881 0.07935 -0.99643 0 -0.14568 0.98653 0.07435 0 -0.007 0.51892 -0.00681 1
keyframe: 35 0.97606 0.21492 0.03331 0 0.00428 0.13413 -0.99095 0 -0.21745 0.96737 0.13 0 -0.01151 0.50421 -0.00752 1
keyframe: 36 0.96247 0.26995 0.02779 0 -0.02223 0.18053 -0.98331 0 -0.27046 0.94579 0.17976 0 -0.01484 0.48888 -0.00814 1
keyframe: 37 0.95406 0.29857 0.0248 0 -0.04192 0.21503 -0.9757 0 -0.29665 0.92984 0.21767 0 -0.01657 0.47409 -0.0085 1
keyframe: 38 0.95174 0.30595 0.02385 0 -0.05312 0.24079 -0.96912 0 -0.30225 0.92109 0.24542 0 -0.01689 0.45997 -0.00852 1
keyframe: 39 0.953 0.30203 0.02369 0 -0.05909 0.26203 -0.96324 0 -0.29714 0.91657 0.26756 0 -0.01624 0.44623 -0.0082 1
keyframe: 40 0.95435 0.29779 0.02301 0 -0.06515 0.28276 -0.95697 0 -0.29149 0.91179 0.28926 0 -0.01516 0.43239 -0.00764 1
keyframe: 41 0.95615 0.29202 0.02208 0 -0.07034 0.30223 -0.95063 0 -0.28428 0.9074 0.30953 0 -0.0137 0.4188 -0.00687 1
keyframe: 42 0.95825 0.28513 0.02096 0 -0.07464 0.32029 -0.94437 0 -0.27598 0.90338 0.3282 0 -0.01195 0.40568 -0.00596 1
keyframe: 43 0.96051 0.27751 0.01972 0 -0.07804 0.33678 -0.93834 0 -0.26704 0.89975 0.34514 0 -0.01002 0.39324 -0.00497 1
keyframe: 44 0.9628 0.26956 0.01841 0 -0.08059 0.35156 -0.93268 0 -0.25789 0.89651 0.36021 0 -0.008 0.38171 -0.00394 1
keyframe: 45 0.965 0.26167 0.0171 0 -0.08239 0.36447 -0.92756 0 -0.24895 0.89369 0.37327 0 -0.00599 0.37129 -0.00294 1
keyframe: 46 0.967 0.25427 0.01586 0 -0.08355 0.37536 -0.9231 0 -0.24067 0.89131 0.38422 0 -0.00412 0.36224 -0.002 1
keyframe: 47 0.96869 0.2478 0.01478 0 -0.08421 0.38407 -0.91945 0 -0.23351 0.88942 0.39292 0 -0.00247 0.3548 -0.00119 1
keyframe: 48 0.97001 0.24266 0.01391 0 -0.08453 0.39047 -0.91672 0 -0.22789 0.88805 0.39927 0 -0.00117 0.3492 -0.00056 1
keyframe: 49 0.97085 0.23931 0.01334 0 -0.08464 0.39441 -0.91502 0 -0.22424 0.88722 0.40317 0 -0.00032 0.34569 -0.00014 1
keyframe: 50 0.97116 0.23803 0.01313 0 -0.08463 0.39578 -0.91443 0 -0.22286 0.88696 0.40451 0 0 0.34442 0 1
keyframe: 51 0.97122 0.23781 0.01325 0 -0.08415 0.39468 -0.91495 0 -0.22281 0.8875 0.40334 0 0 0.34456 1e-05 1
keyframe: 52 0.97135 0.23725 0.0136 0 -0.08278 0.3915 -0.91644 0 -0.22276 0.88906 0.39992 0 0 0.34508 1e-05 1
keyframe: 53 0.97156 0.23634 0.01418 0 -0.08055 0.3863 -0.91884 0 -0.22264 0.89157 0.39435 0 0 0.34587 1e-05 1
keyframe: 54 0.97185 0.23508 0.01496 0 -0.07752 0.37919 -0.92206 0 -0.22244 0.89495 0.38674 0 0 0.34695 1e-05 1
keyframe: 55 0.97222 0.23349 0.01594 0 -0.07374 0.37028 -0.92598 0 -0.22211 0.89909 0.37721 0 0 0.3483 1e-05 1
keyframe: 56 0.97266 0.23158 0.0171 0 -0.06926 0.35965 -0.9305 0 -0.22164 0.90388 0.36586 0 0 0.34991 1e-05 1
keyframe: 57 0.97316 0.22936 0.01843 0 -0.06416 0.34742 -0.9355 0 -0.22097 0.90922 0.35282 0 0 0.35174 1e-05 1
keyframe: 58 0.97372 0.22684 0.01992 0 -0.05848 0.33368 -0.94087 0 -0.22008 0.91498 0.33818 0 0 0.35378 1e-05 1
keyframe: 59 0.97434 0.22403 0.02155 0 -0.05229 0.3185 -0.94647 0 -0.21891 0.92106 0.32205 0 0 0.35602 1e-05 1
keyframe: 60 0.975 0.22096 0.02332 0 -0.04566 0.302 -0.95221 0 -0.21744 0.92734 0.30454 0 0 0.35844 1e-05 1
keyframe: 61 0.9757 0.21761 0.0252 0 -0.03865 0.28428 -0.95796 0 -0.21563 0.93371 0.28579 0 0 0.36102 1e-05 1
keyframe: 62 0.97645 0.21402 0.02719 0 -0.03134 0.26545 -0.96361 0 -0.21345 0.94006 0.26591 0 0 0.36374 1e-05 1
keyframe: 63 0.97722 0.21019 0.02927 0 -0.0238 0.24562 -0.96907 0 -0.21088 0.9463 0.24503 0 0 0.36658 1e-05 1
keyframe: 64 0.97801 0.20612 0.03143 0 -0.01608 0.22491 -0.97424 0 -0.20789 0.95232 0.22328 0 0 0.36953 1e-05 1
keyframe: 65 0.97883 0.20185 0.03366 0 -0.00827 0.20343 -0.97905 0 -0.20447 0.95805 0.2008 0 0 0.37256 1e-05 1
keyframe: 66 0.97967 0.19736 0.03594 0 -0.00044 0.18132 -0.98342 0 -0.20061 0.96341 0.17772 0 0 0.37566 1e-05 1
keyframe: 67 0.98051 0.19269 0.03827 0 0.00734 0.15872 -0.98729 0 -0.19632 0.96833 0.15421 0 0 0.37882 1e-05 1
keyframe: 68 0.98135 0.18783 0.04062 0 0.01502 0.13576 -0.99062 0 -0.19159 0.97277 0.13041 0 0 0.382 1e-05 1
keyframe: 69 0.9822 0.18281 0.04299 0 0.02252 0.11257 -0.99338 0 -0.18644 0.97668 0.10645 0 0 0.38519 1e-05 1
keyframe: 70 0.98305 0.17763 0.04536 0 0.02979 0.08931 -0.99555 0 -0.18089 0.98003 0.0825 0 0 0.38839 1e-05 1
keyframe: 71 0.98388 0.1723 0.04771 0 0.03677 0.06611 -0.99713 0 -0.17496 0.98282 0.05871 0 0 0.39156 1e-05 1
keyframe: 72 0.98471 0.16684 0.05004 0 0.04341 0.04314 -0.99812 0 -0.16868 0.98503 0.03524 0 0 0.39469 1e-05 1
keyframe: 73 0.98552 0.16126 0.05233 0 0.04966 0.02054 -0.99855 0 -0.1621 0.98669 0.01224 0 0 0.39776 1e-05 1
keyframe: 74 0.98631 0.15557 0.05456 0 0.05548 -0.00153 -0.99845 0 -0.15524 0.98782 -0.01014 0 0 0.40075 1e-05 1
keyframe: 75 0.98708 0.14978 0.05673 0 0.06084 -0.02295 -0.99788 0 -0.14816 0.98845 -0.03177 0 0 0.40364 1e-05 1
keyframe: 76 0.98784 0.14391 0.05882 0 0.06571 -0.04356 -0.99688 0 -0.14089 0.98863 -0.05249 0 0 0.40643 1e-05 1
keyframe: 77 0.98856 0.13796 0.06081 0 0.07007 -0.06321 -0.99553 0 -0.1335 0.98841 -0.07215 0 0 0.40908 1e-05 1
keyframe: 78 0.98926 0.13196 0.0627 0 0.0739 -0.08175 -0.9939 0 -0.12603 0.98787 -0.09062 0 0 0.41158 1e-05 1
keyframe: 79 0.98994 0.12591 0.06446 0 0.0772 -0.09904 -0.99208 0 -0.11853 0.98708 -0.10777 0 0 0.41391 1e-05 1
keyframe: 80 0.99059 0.11982 0.06608 0 0.07996 -0.11497 -0.99014 0 -0.11104 0.98611 -0.12347 0 0 0.41606 1e-05 1
keyframe: 81 0.99121 0.11372 0.06756 0 0.0822 -0.12937 -0.98818 0 -0.10363 0.98505 -0.13758 0 0 0.418 1e-05 1
keyframe: 82 0.9918 0.1076 0.06887 0 0.0839 -0.14212 -0.98628 0 -0.09634 0.98398 -0.14998 0 0 0.41972 1e-05 1
keyframe: 83 0.99237 0.10149 0.07 0 0.0851 -0.15307 -0.98454 0 -0.0892 0.98298 -0.16054 0 0 0.42119 1e-05 1
keyframe: 84 0.9929 0.09539 0.07094 0 0.08581 -0.16212 -0.98303 0 -0.08227 0.98214 -0.16916 0 0 0.42241 1e-05 1
keyframe: 85 0.99342 0.08932 0.07167 0 0.08604 -0.16913 -0.98183 0 -0.07557 0.98153 -0.1757 0 0 0.42335 1e-05 1
keyframe: 86 0.9939 0.08329 0.07218 0 0.08583 -0.17396 -0.981 0 -0.06915 0.98122 -0.18005 0 0 0.424 1e-05 1
keyframe: 87 0.99436 0.07735 0.07246 0 0.08518 -0.17644 -0.98061 0 -0.06307 0.98126 -0.18203 0 0 0.42433 1e-05 1
keyframe: 88 0.99481 0.0713 0.07251 0 0.08414 -0.17662 -0.98067 0 -0.05711 0.98169 -0.18171 0 0 0.42433 1e-05 1
keyframe: 89 0.99526 0.06489 0.0724 0 0.08276 -0.17469 -0.98113 0 -0.05102 0.98248 -0.17923 0 0 0.424 1e-05 1
keyframe: 90 0.9957 0.05794 0.07215 0 0.0811 -0.17087 -0.98194 0 -0.04457 0.98358 -0.17484 0 0 0.42335 1e-05 1
keyframe: 91 0.99613 0.05053 0.07177 0 0.07921 -0.16525 -0.98306 0 -0.03781 0.98495 -0.16862 0 0 0.42241 1e-05 1
keyframe: 92 0.99654 0.0427 0.07127 0 0.07717 -0.15795 -0.98442 0 -0.03078 0.98652 -0.1607 0 0 0.42119 1e-05 1
keyframe: 93 0.9969 0.03448 0.07066 0 0.07504 -0.14906 -0.98597 0 -0.02346 0.98822 -0.15118 0 0 0.41972 1e-05 1
keyframe: 94 0.99721 0.02591 0.06993 0 0.07286 -0.13867 -0.98765 0 -0.01589 0.98999 -0.14017 0 0 0.418 1e-05 1
keyframe: 95 0.99746 0.01703 0.0691 0 0.07071 -0.12689 -0.98939 0 -0.00808 0.99177 -0.12777 0 0 0.41606 1e-05 1
keyframe: 96 0.99764 0.00787 0.06818 0 0.06864 -0.11384 -0.99112 0 -4e-05 0.99346 -0.11411 0 0 0.41391 1e-05 1
keyframe: 97 0.99773 -0.0015 0.06718 0 0.06669 -0.09962 -0.99278 0 0.00818 0.99502 -0.09929 0 0 0.41158 1e-05 1
keyframe: 98 0.99775 -0.01108 0.06609 0 0.06493 -0.08434 -0.99431 0 0.01659 0.99637 -0.08343 0 0 0.40908 1e-05 1
keyframe: 99 0.99767 -0.02081 0.06493 0 0.06338 -0.06813 -0.99566 0 0.02515 0.99745 -0.06665 0 0 0.40643 1e-05 1
keyframe: 100 0.99749 -0.03066 0.06371 0 0.0621 -0.05108 -0.99676 0 0.03382 0.99822 -0.04904 0 0 0.40364 1e-05 1
keyframe: 101 0.99722 -0.04059 0.06244 0 0.0611 -0.03332 -0.99757 0 0.04258 0.99862 -0.03075 0 0 0.40075 1e-05 1
keyframe: 102 0.99684 -0.05056 0.06112 0 0.06043 -0.01498 -0.99805 0 0.05138 0.9986 -0.01188 0 0 0.39776 1e-05 1
keyframe: 103 0.99637 -0.06052 0.05976 0 0.0601 0.0038 -0.99818 0 0.06018 0.99816 0.00742 0 0 0.39469 1e-05 1
keyframe: 104 0.9958 -0.07044 0.05837 0 0.06011 0.02293 -0.99792 0 0.06896 0.99725 0.02707 0 0 0.39156 1e-05 1
keyframe: 105 0.99514 -0.08029 0.05696 0 0.06049 0.04229 -0.99727 0 0.07766 0.99587 0.04694 0 0 0.38839 1e-05 1
keyframe: 106 0.99439 -0.09002 0.05553 0 0.06122 0.06173 -0.99621 0 0.08625 0.99402 0.06689 0 0 0.38519 1e-05 1
keyframe: 107 0.99355 -0.09959 0.0541 0 0.0623 0.08113 -0.99475 0 0.09468 0.99171 0.08681 0 0 0.382 1e-05 1
keyframe: 108 0.99264 -0.10897 0.05268 0 0.06371 0.10037 -0.9929 0 0.1029 0.98896 0.10657 0 0 0.37882 1e-05 1
keyframe: 109 0.99167 -0.11811 0.05127 0 0.06543 0.11933 -0.99069 0 0.11089 0.9858 0.12607 0 0 0.37566 0 1
keyframe: 110 0.99064 -0.12698 0.04988 0 0.06743 0.13791 -0.98814 0 0.1186 0.98226 0.14519 0 0 0.37256 0 1
keyframe: 111 0.98958 -0.13555 0.04852 0 0.06968 0.15598 -0.98529 0 0.12599 0.97841 0.16381 0 0 0.36953 0 1
keyframe: 112 0.98848 -0.14377 0.0472 0 0.07213 0.17343 -0.98219 0 0.13302 0.97429 0.18181 0 0 0.36658 0 1
keyframe: 113 0.98737 -0.1516 0.04593 0 0.07474 0.19016 -0.9789 0 0.13967 0.96997 0.19909 0 0 0.36374 0 1
keyframe: 114 0.98626 -0.15902 0.04471 0 0.07745 0.20607 -0.97546 0 0.1459 0.96552 0.21555 0 0 0.36102 0 1
keyframe: 115 0.98516 -0.16598 0.04356 0 0.08022 0.22105 -0.97195 0 0.1517 0.96103 0.23109 0 0 0.35844 0 1
keyframe: 116 0.9841 -0.17245 0.04248 0 0.08299 0.23502 -0.96843 0 0.15703 0.95656 0.2456 0 0 0.35602 0 1
keyframe: 117 0.98308 -0.1784 0.04148 0 0.0857 0.24788 -0.96499 0 0.16187 0.95222 0.25898 0 0 0.35378 0 1
keyframe: 118 0.98213 -0.18377 0.04057 0 0.08829 0.25955 -0.96168 0 0.1662 0.94808 0.27114 0 0 0.35174 0 1
keyframe: 119 0.98125 -0.18855 0.03975 0 0.0907 0.26993 -0.95859 0 0.17001 0.94423 0.28198 0 0 0.34991 0 1
keyframe: 120 0.98048 -0.19269 0.03904 0 0.09288 0.27896 -0.95579 0 0.17328 0.94076 0.29142 0 0 0.3483 0 1
keyframe: 121 0.97981 -0.19616 0.03843 0 0.09477 0.28655 -0.95336 0 0.176 0.93776 0.29935 0 0 0.34695 0 1
keyframe: 122 0.97927 -0.19892 0.03795 0 0.09631 0.29259 -0.95137 0 0.17814 0.93531 0.30569 0 0 0.34587 0 1
keyframe: 123 0.97888 -0.20094 0.0376 0 0.09746 0.29702 -0.94988 0 0.1797 0.93348 0.31034 0 0 0.34508 0 1
keyframe: 124 0.97863 -0.20217 0.03738 0 0.09818 0.29975 -0.94895 0 0.18065 0.93234 0.31319 0 0 0.34459 0 1
keyframe: 125 0.97854 -0.2026 0.03731 0 0.09842 0.30069 -0.94862 0 0.18097 0.93195 0.31418 0 0 0.34442 0 1
keyframe: 126 0.97861 -0.20229 0.03733 0 0.09817 0.29981 -0.94893 0 0.18077 0.9323 0.31326 0 0 0.34453 0 1
keyframe: 127 0.97879 -0.20138 0.03738 0 0.09743 0.29726 -0.94981 0 0.18015 0.93331 0.31058 0 0 0.34486 0 1
keyframe: 128 0.9791 -0.19989 0.03747 0 0.09625 0.29311 -0.95122 0 0.17915 0.93494 0.30622 0 0 0.34538 0 1
keyframe: 129 0.97951 -0.19784 0.0376 0 0.09464 0.28745 -0.9531 0 0.17775 0.93713 0.30029 0 0 0.3461 0 1
keyframe: 130 0.98002 -0.19527 0.03775 0 0.09267 0.28036 -0.95541 0 0.17598 0.93982 0.29285 0 0 0.34699 0 1
keyframe: 131 0.98062 -0.19219 0.03793 0 0.09036 0.27192 -0.95806 0 0.17381 0.94293 0.28402 0 0 0.34805 0 1
keyframe: 132 0.9813 -0.18863 0.03814 0 0.08776 0.26222 -0.961 0 0.17127 0.94638 0.27388 0 0 0.34927 0 1
keyframe: 133 0.98205 -0.18462 0.03838 0 0.08493 0.25134 -0.96416 0 0.16836 0.95012 0.26252 0 0 0.35062 0 1
keyframe: 134 0.98287 -0.18018 0.03863 0 0.08191 0.23936 -0.96746 0 0.16507 0.95406 0.25002 0 0 0.3521 0 1
keyframe: 135 0.98374 -0.17533 0.03891 0 0.07874 0.22635 -0.97085 0 0.16141 0.95813 0.23648 0 0 0.35371 0 1
keyframe: 136 0.98464 -0.17009 0.0392 0 0.07549 0.21241 -0.97425 0 0.15739 0.96226 0.22199 0 0 0.35541 0 1
keyframe: 137 0.98558 -0.1645 0.03951 0 0.07218 0.19763 -0.97761 0 0.15301 0.96637 0.20666 0 0 0.35721 0 1
keyframe: 138 0.98654 -0.15858 0.03984 0 0.06888 0.1821 -0.98086 0 0.14829 0.9704 0.19058 0 0 0.3591 0 1
keyframe: 139 0.9875 -0.15235 0.04017 0 0.06563 0.16591 -0.98395 0 0.14324 0.9743 0.17384 0 0 0.36105 0 1
keyframe: 140 0.98847 -0.14583 0.04052 0 0.06246 0.14915 -0.98683 0 0.13787 0.978 0.15654 0 0 0.36306 0 1
keyframe: 141 0.98943 -0.13906 0.04087 0 0.05941 0.13193 -0.98947 0 0.1322 0.98145 0.1388 0 0 0.36511 0 1
keyframe: 142 0.99038 -0.13205 0.04123 0 0.05653 0.11436 -0.99182 0 0.12626 0.98462 0.12073 0 0 0.3672 0 1
keyframe: 143 0.9913 -0.12484 0.04159 0 0.05385 0.09653 -0.99387 0 0.12006 0.98746 0.10242 0 0 0.3693 0 1
keyframe: 144 0.99219 -0.11744 0.04195 0 0.05139 0.07856 -0.99558 0 0.11362 0.98996 0.08398 0 0 0.37142 0 1
keyframe: 145 0.99304 -0.10988 0.0423 0 0.04917 0.06055 -0.99695 0 0.10699 0.99209 0.06553 0 0 0.37353 0 1
keyframe: 146 0.99384 -0.1022 0.04266 0 0.04722 0.04261 -0.99797 0 0.10017 0.99385 0.04717 0 0 0.37563 0 1
keyframe: 147 0.9946 -0.0944 0.04301 0 0.04554 0.02486 -0.99865 0 0.09321 0.99522 0.02903 0 0 0.37771 0 1
keyframe: 148 0.9953 -0.08653 0.04335 0 0.04416 0.00742 -0.99899 0 0.08612 0.99622 0.01121 0 0 0.37974 0 1
keyframe: 149 0.99594 -0.07861 0.04368 0 0.04306 -0.0096 -0.99902 0 0.07895 0.99685 -0.00618 0 0 0.38172 0 1
keyframe: 150 0.99652 -0.07065 0.044 0 0.04225 -0.02611 -0.99876 0 0.07172 0.99715 -0.02303 0 0 0.38364 0 1
keyframe: 151 0.99704 -0.0627 0.04431 0 0.04172 -0.04198 -0.99824 0 0.06445 0.99714 -0.03924 0 0 0.38548 0 1
keyframe: 152 0.9975 -0.05477 0.04459 0 0.04146 -0.0571 -0.9975 0 0.05718 0.99686 -0.05469 0 0 0.38724 0 1
keyframe: 153 0.99789 -0.04689 0.04487 0 0.04145 -0.07136 -0.99658 0 0.04993 0.99634 -0.06927 0 0 0.38889 0 1
keyframe: 154 0.99821 -0.03909 0.04512 0 0.04168 -0.08466 -0.99553 0 0.04274 0.99564 -0.08287 0 0 0.39044 0 1
keyframe: 155 0.99847 -0.03139 0.04535 0 0.04212 -0.09688 -0.9944 0 0.03561 0.9948 -0.09541 0 0 0.39186 0 1
keyframe: 156 0.99867 -0.02383 0.04555 0 0.04273 -0.10793 -0.99323 0 0.02858 0.99387 -0.10677 0 0 0.39314 0 1
keyframe: 157 0.99881 -0.01642 0.04574 0 0.04349 -0.1177 -0.99209 0 0.02167 0.99291 -0.11685 0 0 0.39428 0 1
keyframe: 158 0.9989 -0.00919 0.04589 0 0.04437 -0.12608 -0.99102 0 0.01489 0.99197 -0.12554 0 0 0.39526 0 1
keyframe: 159 0.99893 -0.00217 0.04602 0 0.04532 -0.13299 -0.99008 0 0.00827 0.99111 -0.13275 0 0 0.39607 0 1
keyframe: 160 0.99892 0.0046 0.04611 0 0.04631 -0.13831 -0.9893 0 0.00181 0.99037 -0.13838 0 0 0.39669 0 1
keyframe: 161 0.99887 0.01113 0.04617 0 0.04729 -0.14196 -0.98874 0 -0.00445 0.98981 -0.14232 0 0 0.39712 0 1
keyframe: 162 0.99877 0.01782 0.04621 0 0.0483 -0.14384 -0.98842 0 -0.01097 0.98944 -0.14452 0 0 0.39733 0 1
keyframe: 163 0.99871 0.02108 0.04618 0 0.04874 -0.14372 -0.98841 0 -0.0142 0.98939 -0.14456 0 0 0.39733 0 1
keyframe: 164 0.9987 0.02139 0.04605 0 0.04862 -0.14144 -0.98875 0 -0.01463 0.98971 -0.1423 0 0 0.39712 0 1
keyframe: 165 0.99868 0.02317 0.04579 0 0.04854 -0.13692 -0.98939 0 -0.01665 0.99031 -0.13786 0 0 0.39669 0 1
keyframe: 166 0.99863 0.02575 0.0454 0 0.04838 -0.13033 -0.99028 0 -0.01959 0.99113 -0.1314 0 0 0.39607 0 1
keyframe: 167 0.99856 0.0291 0.0449 0 0.04813 -0.12179 -0.99138 0 -0.02338 0.99212 -0.12302 0 0 0.39526 0 1
keyframe: 168 0.99846 0.03317 0.04429 0 0.04773 -0.11143 -0.99262 0 -0.02798 0.99321 -0.11284 0 0 0.39428 0 1
keyframe: 169 0.99833 0.03789 0.04358 0 0.04716 -0.09936 -0.99393 0 -0.03333 0.99432 -0.10098 0 0 0.39314 0 1
keyframe: 170 0.99814 0.04323 0.04278 0 0.04636 -0.0857 -0.99524 0 -0.03935 0.99538 -0.08755 0 0 0.39186 0 1
keyframe: 171 0.99791 0.04913 0.04189 0 0.0453 -0.07059 -0.99647 0 -0.046 0.99629 -0.07267 0 0 0.39044 0 1
keyframe: 172 0.99761 0.05553 0.04092 0 0.04394 -0.05417 -0.99756 0 -0.05318 0.99698 -0.05648 0 0 0.38889 0 1
keyframe: 173 0.99725 0.0624 0.03989 0 0.04222 -0.03655 -0.99843 0 -0.06084 0.99738 -0.03908 0 0 0.38724 0 1
keyframe: 174 0.99681 0.06968 0.03879 0 0.04012 -0.01788 -0.99903 0 -0.06892 0.9974 -0.02061 0 0 0.38548 0 1
keyframe: 175 0.99629 0.07731 0.03763 0 0.03761 0.00171 -0.99929 0 -0.07732 0.997 -0.00119 0 0 0.38364 0 1
keyframe: 176 0.99569 0.08526 0.03642 0 0.03466 0.02208 -0.99915 0 -0.08599 0.99611 0.01903 0 0 0.38172 0 1
keyframe: 177 0.995 0.09345 0.03518 0 0.03126 0.04308 -0.99858 0 -0.09484 0.99469 0.03994 0 0 0.37974 0 1
keyframe: 178 0.99422 0.10186 0.0339 0 0.0274 0.06456 -0.99753 0 -0.10379 0.9927 0.06139 0 0 0.37771 0 1
keyframe: 179 0.99335 0.11041 0.0326 0 0.02308 0.08638 -0.99599 0 -0.11279 0.99012 0.08326 0 0 0.37563 0 1
keyframe: 180 0.99239 0.11908 0.03128 0 0.01832 0.1084 -0.99393 0 -0.12175 0.98694 0.10539 0 0 0.37353 0 1
keyframe: 181 0.99134 0.12779 0.02995 0 0.01313 0.13047 -0.99136 0 -0.1306 0.98318 0.12766 0 0 0.37142 0 1
keyframe: 182 0.99022 0.13651 0.02862 0 0.00755 0.15244 -0.98828 0 -0.13927 0.97883 0.14992 0 0 0.3693 0 1
keyframe: 183 0.98902 0.14518 0.0273 0 0.00161 0.17417 -0.98471 0 -0.14771 0.97395 0.17202 0 0 0.3672 0 1
keyframe: 184 0.98776 0.15375 0.02599 0 -0.00462 0.19553 -0.98068 0 -0.15586 0.96857 0.19385 0 0 0.36511 0 1
keyframe: 185 0.98645 0.16217 0.0247 0 -0.01112 0.21639 -0.97624 0 -0.16367 0.96274 0.21526 0 0 0.36306 0 1
keyframe: 186 0.98509 0.1704 0.02344 0 -0.0178 0.23662 -0.97143 0 -0.17108 0.95654 0.23613 0 0 0.36105 0 1
keyframe: 187 0.9837 0.17838 0.02222 0 -0.0246 0.25609 -0.96633 0 -0.17807 0.95004 0.25631 0 0 0.3591 0 1
keyframe: 188 0.98231 0.18607 0.02105 0 -0.03143 0.27469 -0.96101 0 -0.1846 0.94335 0.27568 0 0 0.35721 0 1
keyframe: 189 0.98091 0.19341 0.01993 0 -0.03822 0.29232 -0.95555 0 -0.19064 0.93655 0.29414 0 0 0.35541 0 1
keyframe: 190 0.97953 0.20037 0.01887 0 -0.04488 0.30888 -0.95004 0 -0.19619 0.92975 0.31155 0 0 0.35371 0 1
keyframe: 191 0.9782 0.20689 0.01787 0 -0.05132 0.32426 -0.94457 0 -0.20122 0.92306 0.32781 0 0 0.3521 0 1
keyframe: 192 0.97692 0.21291 0.01695 0 -0.05744 0.33837 -0.93925 0 -0.20572 0.9166 0.3428 0 0 0.35062 0 1
keyframe: 193 0.97572 0.21841 0.01611 0 -0.06316 0.35113 -0.93418 0 -0.2097 0.91049 0.35641 0 0 0.34927 0 1
keyframe: 194 0.97462 0.22332 0.01537 0 -0.06839 0.36246 -0.92948 0 -0.21315 0.90484 0.36854 0 0 0.34805 0 1
keyframe: 195 0.97363 0.22762 0.01471 0 -0.07304 0.37229 -0.92523 0 -0.21608 0.89977 0.3791 0 0 0.34699 0 1
keyframe: 196 0.97279 0.23123 0.01416 0 -0.07702 0.38051 -0.92156 0 -0.21848 0.89539 0.38797 0 0 0.3461 0 1
keyframe: 197 0.9721 0.23413 0.01372 0 -0.08025 0.38706 -0.91855 0 -0.22037 0.89183 0.39505 0 0 0.34538 0 1
keyframe: 198 0.97159 0.23625 0.0134 0 -0.08264 0.39185 -0.9163 0 -0.22173 0.88917 0.40024 0 0 0.34486 0 1
keyframe: 199 0.97128 0.23755 0.0132 0 -0.08412 0.39479 -0.9149 0 -0.22255 0.88752 0.40344 0 0 0.34453 0 1
keyframe: 200 0.97117 0.23801 0.01313 0 -0.08463 0.3958 -0.91442 0 -0.22284 0.88695 0.40454 0 0 0.34442 0 1
keyframe: 201 0.97121 0.23784 0.01325 0 -0.08419 0.39477 -0.91491 0 -0.22284 0.88745 0.40343 0 0 0.34458 0 1
keyframe: 202 0.97133 0.23732 0.01358 0 -0.0829 0.39177 -0.91631 0 -0.22278 0.88892 0.40022 0 0 0.34504 0 1
keyframe: 203 0.97153 0.23648 0.01412 0 -0.08082 0.38689 -0.91857 0 -0.22268 0.89128 0.39499 0 0 0.34578 0 1
keyframe: 204 0.9718 0.23531 0.01485 0 -0.07797 0.38021 -0.9216 0 -0.22251 0.89446 0.38784 0 0 0.3468 0 1
keyframe: 205 0.97214 0.23383 0.01577 0 -0.07442 0.37183 -0.92531 0 -0.22224 0.89836 0.37888 0 0 0.34807 0 1
keyframe: 206 0.97255 0.23206 0.01687 0 -0.07021 0.36184 -0.92959 0 -0.22182 0.90289 0.3682 0 0 0.34958 0 1
keyframe: 207 0.97302 0.22999 0.01812 0 -0.0654 0.35032 -0.93434 0 -0.22124 0.90795 0.35591 0 0 0.3513 0 1
keyframe: 208 0.97354 0.22765 0.01953 0 -0.06004 0.33736 -0.93945 0 -0.22046 0.91343 0.3421 0 0 0.35324 0 1
keyframe: 209 0.97412 0.22504 0.02107 0 -0.05419 0.32304 -0.94482 0 -0.21943 0.91923 0.32688 0 0 0.35535 0 1
keyframe: 210 0.97474 0.22217 0.02274 0 -0.0479 0.30746 -0.95035 0 -0.21813 0.92526 0.31033 0 0 0.35765 0 1
keyframe: 211 0.9754 0.21904 0.02452 0 -0.04124 0.29069 -0.95592 0 -0.21652 0.9314 0.29258 0 0 0.36009 0 1
keyframe: 212 0.9761 0.21569 0.02641 0 -0.03427 0.27286 -0.96144 0 -0.21458 0.93756 0.27373 0 0 0.36267 0 1
keyframe: 213 0.97683 0.2121 0.02839 0 -0.02706 0.25404 -0.96681 0 -0.21227 0.94364 0.2539 0 0 0.36538 0 1
keyframe: 214 0.97759 0.2083 0.03045 0 -0.01965 0.23436 -0.97195 0 -0.20959 0.94957 0.2332 0 0 0.36819 0 1
keyframe: 215 0.97836 0.20428 0.03258 0 -0.01213 0.2139 -0.97677 0 -0.20651 0.95525 0.21175 0 0 0.37109 0 1
keyframe: 216 0.97916 0.20007 0.03476 0 -0.00455 0.1928 -0.98122 0 -0.20302 0.96062 0.18969 0 0 0.37406 0 1
keyframe: 217 0.97997 0.19567 0.03699 0 0.00301 0.17116 -0.98523 0 -0.19912 0.96561 0.16714 0 0 0.37708 0 1
keyframe: 218 0.98078 0.1911 0.03925 0 0.01052 0.14912 -0.98876 0 -0.19481 0.97017 0.14425 0 0 0.38015 0 1
keyframe: 219 0.9816 0.18636 0.04154 0 0.01789 0.1268 -0.99176 0 -0.19009 0.97426 0.12113 0 0 0.38324 0 1
keyframe: 220 0.98242 0.18146 0.04383 0 0.02509 0.10431 -0.99422 0 -0.18499 0.97784 0.09793 0 0 0.38633 0 1
keyframe: 221 0.98323 0.17642 0.04612 0 0.03204 0.08181 -0.99613 0 -0.17951 0.9809 0.07478 0 0 0.38941 0 1
keyframe: 222 0.98403 0.17124 0.04839 0 0.03871 0.05942 -0.99748 0 -0.17368 0.98343 0.05184 0 0 0.39247 0 1
keyframe: 223 0.98483 0.16594 0.05064 0 0.04505 0.03727 -0.99828 0 -0.16754 0.98543 0.02923 0 0 0.39548 0 1
keyframe: 224 0.98561 0.16052 0.05284 0 0.05101 0.01551 -0.99857 0 -0.16111 0.98691 0.0071 0 0 0.39844 0 1
keyframe: 225 0.98638 0.155 0.05499 0 0.05656 -0.00573 -0.99838 0 -0.15443 0.98789 -0.01442 0 0 0.40132 0 1
keyframe: 226 0.98712 0.14938 0.05708 0 0.06168 -0.02633 -0.99774 0 -0.14754 0.98842 -0.03521 0 0 0.4041 0 1
keyframe: 227 0.98785 0.14369 0.05908 0 0.06633 -0.04614 -0.99672 0 -0.14049 0.98854 -0.05511 0 0 0.40678 0 1
keyframe: 228 0.98856 0.13792 0.061 0 0.0705 -0.06504 -0.99538 0 -0.13332 0.9883 -0.07402 0 0 0.40933 0 1
keyframe: 229 0.98924 0.13209 0.06282 0 0.07417 -0.08289 -0.99379 0 -0.12607 0.98776 -0.0918 0 0 0.41173 0 1
keyframe: 230 0.9899 0.12622 0.06452 0 0.07735 -0.09957 -0.99201 0 -0.11878 0.98699 -0.10833 0 0 0.41398 0 1
keyframe: 231 0.99053 0.1203 0.06609 0 0.08002 -0.11496 -0.99014 0 -0.11152 0.98605 -0.1235 0 0 0.41606 0 1
keyframe: 232 0.99114 0.11436 0.06752 0 0.08219 -0.12892 -0.98824 0 -0.10431 0.98503 -0.13717 0 0 0.41794 0 1
keyframe: 233 0.99172 0.1084 0.06879 0 0.08387 -0.14133 -0.9864 0 -0.0972 0.984 -0.14925 0 0 0.41961 0 1
keyframe: 234 0.99228 0.10243 0.0699 0 0.08507 -0.15208 -0.98469 0 -0.09024 0.98304 -0.15962 0 0 0.42106 0 1
keyframe: 235 0.99281 0.09648 0.07083 0 0.0858 -0.16106 -0.9832 0 -0.08345 0.98221 -0.16818 0 0 0.42227 0 1
keyframe: 236 0.99331 0.09053 0.07157 0 0.08608 -0.16814 -0.98199 0 -0.07687 0.98159 -0.17481 0 0 0.42322 0 1
keyframe: 237 0.9938 0.08462 0.07211 0 0.08594 -0.17319 -0.98113 0 -0.07053 0.98124 -0.17939 0 0 0.4239 0 1
keyframe: 238 0.99425 0.07877 0.07242 0 0.08538 -0.17608 -0.98066 0 -0.0645 0.98121 -0.1818 0 0 0.42428 0 1
keyframe: 239 0.9947 0.07285 0.07252 0 0.08445 -0.17678 -0.98061 0 -0.05862 0.98154 -0.182 0 0 0.42436 0 1
keyframe: 240 0.99514 0.06656 0.07244 0 0.08314 -0.17534 -0.98098 0 -0.05259 0.98225 -0.18002 0 0 0.42411 0 1
keyframe: 241 0.99559 0.05974 0.07223 0 0.08154 -0.17199 -0.98171 0 -0.04622 0.98328 -0.1761 0 0 0.42354 0 1
keyframe: 242 0.99603 0.05244 0.07188 0 0.07971 -0.16682 -0.98275 0 -0.03955 0.98459 -0.17034 0 0 0.42267 0 1
keyframe: 243 0.99644 0.04471 0.07141 0 0.0777 -0.15993 -0.98406 0 -0.03258 0.98611 -0.16283 0 0 0.42152 0 1
keyframe: 244 0.99681 0.03658 0.07083 0 0.07559 -0.15142 -0.98557 0 -0.02533 0.98779 -0.1537 0 0 0.42011 0 1
keyframe: 245 0.99714 0.0281 0.07013 0 0.07341 -0.14139 -0.98722 0 -0.01782 0.98955 -0.14305 0 0 0.41845 0 1
keyframe: 246 0.9974 0.01929 0.06933 0 0.07125 -0.12995 -0.98895 0 -0.01007 0.99133 -0.13099 0 0 0.41656 0 1
keyframe: 247 0.9976 0.0102 0.06843 0 0.06915 -0.11721 -0.99069 0 -0.00209 0.99305 -0.11764 0 0 0.41447 0 1
keyframe: 248 0.99772 0.00087 0.06744 0 0.06717 -0.10328 -0.99238 0 0.00609 0.99465 -0.1031 0 0 0.41218 0 1
keyframe: 249 0.99775 -0.00865 0.06638 0 0.06536 -0.08825 -0.99395 0 0.01446 0.99606 -0.08749 0 0 0.40972 0 1
keyframe: 250 0.9977 -0.01835 0.06523 0 0.06375 -0.07225 -0.99534 0 0.02298 0.99721 -0.07092 0 0 0.4071 0 1
keyframe: 251 0.99754 -0.02818 0.06403 0 0.0624 -0.0554 -0.99651 0 0.03163 0.99806 -0.05351 0 0 0.40435 0 1
keyframe: 252 0.9973 -0.03809 0.06277 0 0.06133 -0.03781 -0.9974 0 0.04036 0.99855 -0.03538 0 0 0.40148 0 1
keyframe: 253 0.99695 -0.04805 0.06146 0 0.06057 -0.01962 -0.99797 0 0.04916 0.99865 -0.01664 0 0 0.39851 0 1
keyframe: 254 0.9965 -0.05801 0.06011 0 0.06015 -0.00092 -0.99818 0 0.05797 0.99831 0.00256 0 0 0.39546 0 1
keyframe: 255 0.99595 -0.06795 0.05872 0 0.06008 0.01813 -0.99802 0 0.06675 0.99752 0.02214 0 0 0.39234 0 1
keyframe: 256 0.99531 -0.07782 0.05732 0 0.06037 0.03744 -0.99747 0 0.07548 0.99626 0.04197 0 0 0.38918 0 1
keyframe: 257 0.99458 -0.08758 0.05589 0 0.06101 0.05687 -0.99651 0 0.0841 0.99453 0.0619 0 0 0.38599 0 1
keyframe: 258 0.99377 -0.0972 0.05447 0 0.062 0.07629 -0.99515 0 0.09257 0.99233 0.08184 0 0 0.3828 0 1
keyframe: 259 0.99288 -0.10662 0.05304 0 0.06333 0.09558 -0.9934 0 0.10085 0.98969 0.10165 0 0 0.37961 0 1
keyframe: 260 0.99192 -0.11583 0.05163 0 0.06498 0.11463 -0.99127 0 0.1089 0.98663 0.12123 0 0 0.37645 0 1
keyframe: 261 0.99091 -0.12478 0.05023 0 0.06691 0.13332 -0.98881 0 0.11668 0.98318 0.14046 0 0 0.37333 0 1
keyframe: 262 0.98985 -0.13342 0.04886 0 0.0691 0.15152 -0.98603 0 0.12415 0.9794 0.15921 0 0 0.37028 0 1
keyframe: 263 0.98876 -0.14173 0.04753 0 0.0715 0.16914 -0.98299 0 0.13128 0.97534 0.17737 0 0 0.36731 0 1
keyframe: 264 0.98765 -0.14966 0.04625 0 0.07407 0.18605 -0.97974 0 0.13803 0.97107 0.19485 0 0 0.36444 0 1
keyframe: 265 0.98654 -0.15719 0.04502 0 0.07677 0.20218 -0.97633 0 0.14437 0.96665 0.21153 0 0 0.36169 0 1
keyframe: 266 0.98543 -0.16427 0.04385 0 0.07953 0.21741 -0.97283 0 0.15028 0.96215 0.22731 0 0 0.35907 0 1
keyframe: 267 0.98436 -0.17087 0.04275 0 0.0823 0.23163 -0.96931 0 0.15572 0.95767 0.24208 0 0 0.35661 0 1
keyframe: 268 0.98333 -0.17694 0.04173 0 0.08503 0.24478 -0.96584 0 0.16068 0.95329 0.25575 0 0 0.35433 0 1
keyframe: 269 0.98236 -0.18246 0.04079 0 0.08766 0.25675 -0.96249 0 0.16515 0.94909 0.26822 0 0 0.35223 0 1
keyframe: 270 0.98147 -0.1874 0.03995 0 0.09012 0.26747 -0.95934 0 0.16909 0.94516 0.2794 0 0 0.35034 0 1
keyframe: 271 0.98066 -0.1917 0.03921 0 0.09236 0.27685 -0.95646 0 0.1725 0.94159 0.2892 0 0 0.34868 0 1
keyframe: 272 0.97997 -0.19534 0.03858 0 0.09433 0.28479 -0.95393 0 0.17535 0.93847 0.29752 0 0 0.34727 0 1
keyframe: 273 0.9794 -0.19828 0.03807 0 0.09596 0.29123 -0.95182 0 0.17764 0.93587 0.30426 0 0 0.34612 0 1
keyframe: 274 0.97897 -0.20049 0.03768 0 0.09721 0.29607 -0.9502 0 0.17935 0.93388 0.30934 0 0 0.34525 0 1
keyframe: 275 0.97868 -0.20193 0.03743 0 0.09804 0.29924 -0.94912 0 0.18045 0.93256 0.31266 0 0 0.34468 0 1
keyframe: 276 0.97856 -0.20254 0.03732 0 0.09841 0.30062 -0.94865 0 0.18092 0.93198 0.31411 0 0 0.34444 0 1
keyframe: 277 0.97858 -0.20241 0.03732 0 0.09828 0.3002 -0.94879 0 0.18085 0.93215 0.31366 0 0 0.34448 0 1
keyframe: 278 0.97874 -0.20165 0.03737 0 0.09767 0.29805 -0.94953 0 0.18033 0.933 0.31141 0 0 0.34475 0 1
keyframe: 279 0.97901 -0.20031 0.03745 0 0.09659 0.29429 -0.95081 0 0.17944 0.93448 0.30747 0 0 0.34523 0 1
keyframe: 280 0.97939 -0.19842 0.03757 0 0.09509 0.289 -0.95259 0 0.17815 0.93653 0.30191 0 0 0.3459 0 1
keyframe: 281 0.97987 -0.19599 0.03772 0 0.09321 0.28226 -0.95479 0 0.17649 0.9391 0.29485 0 0 0.34675 0 1
keyframe: 282 0.98045 -0.19306 0.03789 0 0.09098 0.27415 -0.95737 0 0.17444 0.9421 0.28636 0 0 0.34777 0 1
keyframe: 283 0.98111 -0.18965 0.03809 0 0.08846 0.26476 -0.96024 0 0.17202 0.94547 0.27654 0 0 0.34895 0 1
keyframe: 284 0.98184 -0.18577 0.03832 0 0.08569 0.25417 -0.96335 0 0.16922 0.94914 0.26547 0 0 0.35027 0 1
keyframe: 285 0.98264 -0.18146 0.03857 0 0.08272 0.24245 -0.96663 0 0.16605 0.95304 0.25325 0 0 0.35172 0 1
keyframe: 286 0.98348 -0.17674 0.03884 0 0.07959 0.22969 -0.97 0 0.16252 0.95708 0.23996 0 0 0.3533 0 1
keyframe: 287 0.98438 -0.17163 0.03913 0 0.07636 0.21598 -0.9734 0 0.15862 0.96119 0.22571 0 0 0.35498 0 1
keyframe: 288 0.9853 -0.16617 0.03944 0 0.07306 0.2014 -0.97677 0 0.15436 0.96531 0.21058 0 0 0.35676 0 1
keyframe: 289 0.98625 -0.16036 0.03976 0 0.06976 0.18605 -0.98005 0 0.14976 0.96936 0.19468 0 0 0.35862 0 1
keyframe: 290 0.98722 -0.15423 0.04009 0 0.06649 0.17001 -0.98319 0 0.14482 0.97329 0.17809 0 0 0.36055 0 1
keyframe: 291 0.98818 -0.14782 0.04043 0 0.0633 0.15338 -0.98613 0 0.13957 0.97704 0.16092 0 0 0.36255 0 1
keyframe: 292 0.98914 -0.14114 0.04078 0 0.06022 0.13627 -0.98883 0 0.134 0.98056 0.14329 0 0 0.36459 0 1
keyframe: 293 0.99009 -0.13422 0.04114 0 0.05729 0.11878 -0.99126 0 0.12816 0.9838 0.12529 0 0 0.36667 0 1
keyframe: 294 0.99102 -0.12708 0.0415 0 0.05455 0.101 -0.99338 0 0.12205 0.98673 0.10703 0 0 0.36878 0 1
keyframe: 295 0.99192 -0.11975 0.04186 0 0.05202 0.08305 -0.99518 0 0.1157 0.98932 0.08861 0 0 0.37089 0 1
keyframe: 296 0.99278 -0.11226 0.04222 0 0.04974 0.06504 -0.99664 0 0.10913 0.99154 0.07015 0 0 0.37301 0 1
keyframe: 297 0.99359 -0.10462 0.04257 0 0.04771 0.04708 -0.99775 0 0.10238 0.99339 0.05177 0 0 0.37511 0 1
keyframe: 298 0.99437 -0.09687 0.04293 0 0.04596 0.02928 -0.99851 0 0.09547 0.99486 0.03357 0 0 0.37719 0 1
keyframe: 299 0.99508 -0.08903 0.04327 0 0.04449 0.01175 -0.99894 0 0.08843 0.99595 0.01565 0 0 0.37923 0 1
keyframe: 300 0.99574 -0.08112 0.0436 0 0.04331 -0.00539 -0.99904 0 0.08128 0.99668 -0.00185 0 0 0.38123 0 1
keyframe: 301 0.99635 -0.07318 0.04393 0 0.04242 -0.02204 -0.99885 0 0.07406 0.99707 -0.01886 0 0 0.38316 0 1
keyframe: 302 0.99688 -0.06522 0.04424 0 0.04181 -0.03808 -0.99839 0 0.0668 0.99714 -0.03523 0 0 0.38503 0 1
keyframe: 303 0.99736 -0.05728 0.04453 0 0.04148 -0.05339 -0.99771 0 0.05952 0.99692 -0.05088 0 0 0.3868 0 1
keyframe: 304 0.99777 -0.04937 0.04481 0 0.0414 -0.06788 -0.99683 0 0.05226 0.99647 -0.06568 0 0 0.38849 0 1
keyframe: 305 0.99812 -0.04153 0.04506 0 0.04157 -0.08143 -0.99581 0 0.04502 0.99581 -0.07955 0 0 0.39006 0 1
keyframe: 306 0.9984 -0.03378 0.0453 0 0.04195 -0.09394 -0.99469 0 0.03785 0.995 -0.09237 0 0 0.39151 0 1
keyframe: 307 0.99862 -0.02614 0.04551 0 0.04252 -0.10529 -0.99353 0 0.03076 0.99409 -0.10403 0 0 0.39283 0 1
keyframe: 308 0.99878 -0.01865 0.0457 0 0.04325 -0.11538 -0.99237 0 0.02378 0.99314 -0.11443 0 0 0.39401 0 1
keyframe: 309 0.99888 -0.01132 0.04586 0 0.0441 -0.12412 -0.99128 0 0.01692 0.9922 -0.12348 0 0 0.39503 0 1
keyframe: 310 0.99893 -0.00419 0.04599 0 0.04504 -0.13141 -0.9903 0 0.01019 0.99131 -0.13108 0 0 0.39588 0 1
keyframe: 311 0.99893 0.00271 0.0461 0 0.04603 -0.13714 -0.98948 0 0.00363 0.99054 -0.13712 0 0 0.39655 0 1
keyframe: 312 0.99888 0.00938 0.04617 0 0.04703 -0.14121 -0.98886 0 -0.00276 0.98993 -0.1415 0 0 0.39703 0 1
keyframe: 313 0.9988 0.01609 0.04621 0 0.04805 -0.14354 -0.98847 0 -0.00927 0.98951 -0.14414 0 0 0.3973 0 1
keyframe: 314 0.99871 0.02096 0.0462 0 0.04875 -0.14394 -0.98838 0 -0.01407 0.98936 -0.14477 0 0 0.39735 0 1
keyframe: 315 0.99871 0.02115 0.0461 0 0.04864 -0.1421 -0.98865 0 -0.01436 0.98962 -0.14295 0 0 0.39718 0 1
keyframe: 316 0.99868 0.02282 0.04585 0 0.04857 -0.13785 -0.98926 0 -0.01626 0.99019 -0.13878 0 0 0.39678 0 1
keyframe: 317 0.99864 0.02537 0.04547 0 0.04842 -0.13136 -0.99015 0 -0.01915 0.991 -0.13241 0 0 0.39616 0 1
keyframe: 318 0.99857 0.02874 0.04496 0 0.04817 -0.12277 -0.99126 0 -0.02297 0.99201 -0.12398 0 0 0.39535 0 1
keyframe: 319 0.99847 0.03288 0.04434 0 0.04777 -0.11221 -0.99253 0 -0.02766 0.99314 -0.11361 0 0 0.39435 0 1
keyframe: 320 0.99833 0.03774 0.04361 0 0.04719 -0.0998 -0.99388 0 -0.03315 0.99429 -0.10142 0 0 0.39318 0 1
keyframe: 321 0.99814 0.04325 0.04278 0 0.04637 -0.0857 -0.99524 0 -0.03938 0.99538 -0.08755 0 0 0.39186 0 1
keyframe: 322 0.9979 0.04936 0.04186 0 0.04527 -0.07005 -0.99651 0 -0.04625 0.99632 -0.07214 0 0 0.39038 0 1
keyframe: 323 0.99759 0.05601 0.04086 0 0.04384 -0.053 -0.99763 0 -0.05371 0.99702 -0.05532 0 0 0.38878 0 1
keyframe: 324 0.99721 0.06315 0.03978 0 0.04203 -0.03467 -0.99851 0 -0.06168 0.9974 -0.03723 0 0 0.38706 0 1
keyframe: 325 0.99674 0.07073 0.03864 0 0.03981 -0.01522 -0.99909 0 -0.07008 0.99737 -0.01799 0 0 0.38523 0 1
keyframe: 326 0.99619 0.07868 0.03743 0 0.03714 0.00517 -0.99929 0 -0.07882 0.99688 0.00223 0 0 0.38331 0 1
keyframe: 327 0.99555 0.08695 0.03618 0 0.034 0.02637 -0.99907 0 -0.08783 0.99586 0.0233 0 0 0.38131 0 1
keyframe: 328 0.99481 0.09548 0.03488 0 0.03038 0.04822 -0.99837 0 -0.09701 0.99426 0.04507 0 0 0.37925 0 1
keyframe: 329 0.99398 0.10422 0.03355 0 0.02626 0.07054 -0.99716 0 -0.10629 0.99204 0.06738 0 0 0.37714 0 1
keyframe: 330 0.99305 0.11311 0.0322 0 0.02166 0.0932 -0.99541 0 -0.1156 0.9892 0.0901 0 0 0.37498 0 1
keyframe: 331 0.99203 0.1221 0.03083 0 0.01658 0.11601 -0.9931 0 -0.12483 0.98571 0.11306 0 0 0.37281 0 1
keyframe: 332 0.99092 0.13112 0.02945 0 0.01106 0.13881 -0.99025 0 -0.13393 0.98159 0.1361 0 0 0.37062 0 1
keyframe: 333 0.98973 0.14012 0.02808 0 0.00514 0.16146 -0.98686 0 -0.14282 0.97688 0.15908 0 0 0.36843 0 1
keyframe: 334 0.98846 0.14905 0.02671 0 -0.00114 0.18379 -0.98296 0 -0.15142 0.97159 0.18184 0 0 0.36626 0 1
keyframe: 335 0.98713 0.15786 0.02537 0 -0.00773 0.20567 -0.97859 0 -0.1597 0.9658 0.20424 0 0 0.36411 0 1
keyframe: 336 0.98575 0.16648 0.02405 0 -0.01456 0.22693 -0.9738 0 -0.16758 0.95957 0.22613 0 0 0.36201 0 1
keyframe: 337 0.98432 0.17486 0.02277 0 -0.02154 0.24745 -0.96865 0 -0.17501 0.95298 0.24734 0 0 0.35996 0 1
keyframe: 338 0.98288 0.18295 0.02153 0 -0.0286 0.2671 -0.96324 0 -0.18198 0.94614 0.26776 0 0 0.35798 0 1
keyframe: 339 0.98143 0.19069 0.02035 0 -0.03565 0.28575 -0.95763 0 -0.18843 0.93913 0.28724 0 0 0.35609 0 1
keyframe: 340 0.98 0.19804 0.01923 0 -0.0426 0.30329 -0.95194 0 -0.19435 0.93209 0.30566 0 0 0.35428 0 1
keyframe: 341 0.9786 0.20493 0.01818 0 -0.04935 0.31961 -0.94626 0 -0.19973 0.92512 0.32289 0 0 0.35259 0 1
keyframe: 342 0.97726 0.21132 0.0172 0 -0.05579 0.3346 -0.9407 0 -0.20455 0.91835 0.33879 0 0 0.35102 0 1
keyframe: 343 0.976 0.21715 0.01631 0 -0.06182 0.34817 -0.93538 0 -0.2088 0.91192 0.35324 0 0 0.34958 0 1
keyframe: 344 0.97483 0.22238 0.01552 0 -0.06736 0.36023 -0.93042 0 -0.2125 0.90596 0.36615 0 0 0.34829 0 1
keyframe: 345 0.97379 0.22694 0.01482 0 -0.07229 0.37069 -0.92593 0 -0.21563 0.90059 0.37739 0 0 0.34716 0 1
keyframe: 346 0.97289 0.23079 0.01424 0 -0.07652 0.37947 -0.92203 0 -0.2182 0.89595 0.38684 0 0 0.34621 0 1
keyframe: 347 0.97216 0.23388 0.01377 0 -0.07995 0.38645 -0.91883 0 -0.22022 0.89215 0.3944 0 0 0.34545 0 1
keyframe: 348 0.97162 0.23615 0.01342 0 -0.0825 0.39157 -0.91644 0 -0.22167 0.88932 0.39994 0 0 0.34489 0 1
keyframe: 349 0.97128 0.23754 0.01321 0 -0.08407 0.39469 -0.91495 0 -0.22255 0.88757 0.40332 0 0 0.34454 0 1
keyframe: 350 0.97116 0.23803 0.01313 0 -0.08463 0.39579 -0.91442 0 -0.22286 0.88695 0.40453 0 0 0.34442 0 1
keyframe: 351 0.97116 0.23804 0.01313 0 -0.08465 0.39582 -0.91441 0 -0.22287 0.88693 0.40456 0 0 0.34442 0 1
keyframe: 352 0.97116 0.23803 0.01313 0 -0.08463 0.39579 -0.91442 0 -0.22286 0.88695 0.40453 0 0 0.34442 0 1
keyframe: 353 0.97116 0.23803 0.01313 0 -0.08463 0.39579 -0.91443 0 -0.22286 0.88695 0.40453 0 0 0.34442 0 1
keyframe: 354 0.97116 0.23803 0.01313 0 -0.08463 0.39579 -0.91443 0 -0.22286 0.88695 0.40453 0 0 0.34442 0 1
keyframe: 355 0.97116 0.23803 0.01313 0 -0.08463 0.39579 -0.91443 0 -0.22286 0.88695 0.40453 0 0 0.34442 0 1
keyframe: 356 0.97051 0.24066 0.01355 0 -0.0846 0.39274 -0.91574 0 -0.22571 0.8876 0.40152 0 0 0.34465 -6e-05 1
keyframe: 357 0.97558 0.21937 0.01018 0 -0.08437 0.41725 -0.90486 0 -0.20275 0.88191 0.42557 0 -6e-05 0.34276 0.0005 1
keyframe: 358 0.98679 0.162 0.00093 0 -0.07812 0.48094 -0.87326 0 -0.14191 0.86165 0.48725 0 -0.00029 0.33771 0.00194 1
keyframe: 359 0.99719 0.07369 -0.01339 0 -0.05324 0.57165 -0.81876 0 -0.05268 0.81717 0.57397 0 -0.00065 0.33003 0.00394 1
keyframe: 360 0.9993 -0.02364 -0.02877 0 -0.00606 0.65887 -0.75222 0 0.03675 0.75187 0.65827 0 -0.00111 0.32164 0.00584 1
