#KeyframeAnimationInfo
Keyframe_Length: 71
BoneCount: 16
WeightVertexCount: 637

#Bone: hip 
globalBindposeInverse: 0 -1 0 0 0.99999 0 0 0 0 0 0.99999 0 -0.40047 0.00205 -0.00115 1
keyframe: 0 -0.08488 0.95934 0.26916 0 -0.97018 -0.01803 -0.24168 0 -0.227 -0.28165 0.93227 0 -0.02725 0.37115 -0.03672 1
keyframe: 1 -0.06872 0.97378 0.21686 0 -0.95678 -0.00276 -0.29079 0 -0.28257 -0.22747 0.93188 0 -0.02795 0.37162 -0.02884 1
keyframe: 2 -0.05288 0.98481 0.16538 0 -0.93784 0.0079 -0.34696 0 -0.34299 -0.17345 0.92318 0 -0.02834 0.37167 -0.02033 1
keyframe: 3 -0.03904 0.99268 0.11426 0 -0.91027 0.01183 -0.41382 0 -0.41215 -0.12016 0.90315 0 -0.02797 0.37051 -0.01116 1
keyframe: 4 -0.02293 0.99745 0.06755 0 -0.87516 0.01263 -0.48365 0 -0.48327 -0.07021 0.87264 0 -0.02734 0.3696 -0.00146 1
keyframe: 5 -0.00583 0.99951 0.03062 0 -0.83667 0.01189 -0.54756 0 -0.54766 -0.02881 0.8362 0 -0.02695 0.36944 0.00862 1
keyframe: 6 0.0097 0.99994 0.00296 0 -0.79698 0.00952 -0.60392 0 -0.60391 0.00349 0.79703 0 -0.02668 0.36948 0.01874 1
keyframe: 7 0.02515 0.99952 -0.0176 0 -0.75734 0.00755 -0.65297 0 -0.65253 0.02976 0.75717 0 -0.02641 0.36945 0.02874 1
keyframe: 8 0.04182 0.9986 -0.03216 0 -0.72073 0.00785 -0.69316 0 -0.69194 0.05217 0.72005 0 -0.02628 0.36921 0.03873 1
keyframe: 9 0.05976 0.99718 -0.04533 0 -0.68968 0.00841 -0.72406 0 -0.72164 0.07453 0.68824 0 -0.02645 0.36878 0.04868 1
keyframe: 10 0.07484 0.99557 -0.05678 0 -0.65984 0.00675 -0.75137 0 -0.74766 0.0937 0.65742 0 -0.0267 0.36819 0.05868 1
keyframe: 11 0.08221 0.99475 -0.06082 0 -0.62679 0.00415 -0.77917 0 -0.77483 0.10219 0.62384 0 -0.02678 0.36727 0.06911 1
keyframe: 12 0.08579 0.99453 -0.05942 0 -0.59332 0.00308 -0.80495 0 -0.80037 0.10432 0.59035 0 -0.02676 0.36592 0.08022 1
keyframe: 13 0.08874 0.99444 -0.05655 0 -0.56231 0.00315 -0.82691 0 -0.82214 0.10519 0.55947 0 -0.02681 0.36414 0.09225 1
keyframe: 14 0.08984 0.99468 -0.05033 0 -0.53363 0.0054 -0.84569 0 -0.84092 0.10284 0.53128 0 -0.02685 0.36169 0.10534 1
keyframe: 15 0.08922 0.99522 -0.03957 0 -0.50971 0.01148 -0.86026 0 -0.8557 0.09692 0.5083 0 -0.02685 0.35816 0.11972 1
keyframe: 16 0.08939 0.99566 -0.02552 0 -0.49478 0.02215 -0.86873 0 -0.8644 0.09028 0.49462 0 -0.02704 0.35384 0.13472 1
keyframe: 17 0.0923 0.99567 -0.01009 0 -0.48665 0.03626 -0.87283 0 -0.8687 0.08548 0.4879 0 -0.02757 0.34916 0.14983 1
keyframe: 18 0.09751 0.99521 0.00578 0 -0.48409 0.05251 -0.87343 0 -0.86956 0.08237 0.48689 0 -0.02831 0.3438 0.16529 1
keyframe: 19 0.10948 0.99378 0.0203 0 -0.49374 0.0721 -0.86661 0 -0.86268 0.08484 0.49856 0 -0.02889 0.33715 0.18119 1
keyframe: 20 0.13118 0.99087 0.0308 0 -0.52315 0.09559 -0.84686 0 -0.84208 0.09498 0.53092 0 -0.0288 0.33036 0.1964 1
keyframe: 21 0.14619 0.98846 0.03953 0 -0.58413 0.1185 -0.80295 0 -0.79838 0.0943 0.59472 0 -0.02838 0.32511 0.21082 1
keyframe: 22 0.14198 0.98817 0.05793 0 -0.68572 0.1404 -0.71418 0 -0.71387 0.06168 0.69755 0 -0.02882 0.32192 0.22434 1
keyframe: 23 0.12875 0.98748 0.09109 0 -0.80616 0.15772 -0.57028 0 -0.57751 0 0.81637 0 -0.03051 0.32039 0.23609 1
keyframe: 24 0.11048 0.98444 0.13659 0 -0.90945 0.15556 -0.38559 0 -0.40085 -0.08162 0.91249 0 -0.03341 0.32042 0.24606 1
keyframe: 25 0.09277 0.97836 0.18491 0 -0.97405 0.12768 -0.18683 0 -0.2064 -0.16278 0.96483 0 -0.03635 0.32107 0.25411 1
keyframe: 26 0.08544 0.97146 0.22124 0 -0.99584 0.0903 -0.01192 0 -0.03155 -0.2193 0.97514 0 -0.03879 0.32186 0.26065 1
keyframe: 27 0.08282 0.9628 0.2572 0 -0.99234 0.05596 0.11007 0 0.09159 -0.26435 0.96006 0 -0.04112 0.32324 0.26636 1
keyframe: 28 0.07564 0.95028 0.30204 0 -0.98341 0.02101 0.18015 0 0.16485 -0.31066 0.93611 0 -0.04363 0.32594 0.27279 1
keyframe: 29 0.06584 0.93813 0.33995 0 -0.97661 -0.00928 0.21478 0 0.20465 -0.34614 0.91558 0 -0.04615 0.32992 0.28063 1
keyframe: 30 0.0693 0.92659 0.36961 0 -0.97058 -0.023 0.23966 0 0.23057 -0.37535 0.89774 0 -0.04826 0.33333 0.28892 1
keyframe: 31 0.09465 0.90757 0.40909 0 -0.95886 -0.02734 0.28252 0 0.2676 -0.419 0.86765 0 -0.04958 0.33427 0.29665 1
keyframe: 32 0.12431 0.88294 0.45272 0 -0.94014 -0.04109 0.33829 0 0.31729 -0.46767 0.82498 0 -0.05016 0.33329 0.30325 1
keyframe: 33 0.14448 0.86318 0.48377 0 -0.92106 -0.06134 0.38454 0 0.36161 -0.50114 0.78618 0 -0.05021 0.33185 0.30816 1
keyframe: 34 0.16001 0.84794 0.50535 0 -0.90285 -0.08123 0.42219 0 0.39904 -0.52382 0.75257 0 -0.0498 0.33018 0.3117 1
keyframe: 35 0.17326 0.83553 0.52139 0 -0.88531 -0.09981 0.45415 0 0.4315 -0.54028 0.72241 0 -0.049 0.32854 0.31435 1
keyframe: 36 0.18122 0.82947 0.52832 0 -0.8748 -0.10946 0.47193 0 0.44929 -0.5477 0.70579 0 -0.048 0.32723 0.31557 1
keyframe: 37 0.18229 0.83014 0.5269 0 -0.87532 -0.10706 0.47152 0 0.44785 -0.54717 0.70712 0 -0.04684 0.3264 0.31532 1
keyframe: 38 0.17671 0.83491 0.52123 0 -0.88521 -0.09671 0.45502 0 0.43031 -0.54181 0.72198 0 -0.04541 0.326 0.31416 1
keyframe: 39 0.16594 0.84197 0.51336 0 -0.90088 -0.08228 0.42617 0 0.40107 -0.5332 0.74487 0 -0.04379 0.32585 0.31243 1
keyframe: 40 0.15126 0.8491 0.50609 0 -0.91822 -0.06888 0.39001 0 0.36603 -0.5237 0.76925 0 -0.0421 0.32589 0.31045 1
keyframe: 41 0.13386 0.85566 0.49991 0 -0.93366 -0.06019 0.35304 0 0.33217 -0.51401 0.79085 0 -0.04045 0.32607 0.30848 1
keyframe: 42 0.1161 0.86255 0.49245 0 -0.94634 -0.05447 0.31852 0 0.30157 -0.50301 0.80995 0 -0.03895 0.32636 0.30638 1
keyframe: 43 0.09906 0.87047 0.48213 0 -0.95749 -0.04852 0.28434 0 0.27091 -0.48981 0.82866 0 -0.03762 0.32675 0.30394 1
keyframe: 44 0.08147 0.88 0.46793 0 -0.96766 -0.04261 0.24863 0 0.23873 -0.47305 0.84806 0 -0.03634 0.3271 0.30103 1
keyframe: 45 0.06372 0.88977 0.45193 0 -0.97682 -0.03709 0.21078 0 0.20431 -0.45489 0.86679 0 -0.03494 0.32737 0.29777 1
keyframe: 46 0.048 0.89897 0.43537 0 -0.98502 -0.02964 0.16981 0 0.16556 -0.437 0.88408 0 -0.03343 0.32761 0.29432 1
keyframe: 47 0.03333 0.90928 0.41483 0 -0.99171 -0.02144 0.12668 0 0.12408 -0.41562 0.90103 0 -0.03194 0.32775 0.29059 1
keyframe: 48 0.02088 0.91926 0.39307 0 -0.99629 -0.01365 0.08487 0 0.08339 -0.39339 0.91557 0 -0.03055 0.32771 0.28674 1
keyframe: 49 0.01283 0.92793 0.37252 0 -0.99904 -0.00366 0.04355 0 0.04178 -0.37273 0.92699 0 -0.02916 0.3275 0.28292 1
keyframe: 50 0.00815 0.93738 0.34819 0 -0.99996 0.00852 0.00046 0 -0.00252 -0.34818 0.93742 0 -0.02777 0.32726 0.27902 1
keyframe: 51 0.00439 0.94746 0.31982 0 -0.99881 0.01964 -0.04447 0 -0.04841 -0.31925 0.94643 0 -0.0265 0.32699 0.27494 1
keyframe: 52 0.0003 0.95672 0.29098 0 -0.99544 0.02803 -0.09113 0 -0.09535 -0.28962 0.95237 0 -0.02528 0.32645 0.27064 1
keyframe: 53 -0.00311 0.96523 0.26135 0 -0.98968 0.03446 -0.13907 0 -0.14324 -0.25909 0.95517 0 -0.02395 0.32546 0.26594 1
keyframe: 54 -0.00394 0.97319 0.22993 0 -0.98162 0.0401 -0.18657 0 -0.19079 -0.22644 0.95515 0 -0.02243 0.32415 0.26093 1
keyframe: 55 -0.00191 0.98103 0.19383 0 -0.97139 0.0442 -0.23331 0 -0.23746 -0.18873 0.95288 0 -0.02084 0.32237 0.25565 1
keyframe: 56 0.00162 0.98794 0.15477 0 -0.95848 0.04567 -0.28145 0 -0.28513 -0.14789 0.947 0 -0.01947 0.32012 0.25003 1
keyframe: 57 0.00564 0.99315 0.11666 0 -0.94215 0.04438 -0.33222 0 -0.33512 -0.10804 0.93595 0 -0.01854 0.31757 0.24392 1
keyframe: 58 0.01199 0.99692 0.07746 0 -0.92404 0.04065 -0.38011 0 -0.38209 -0.06702 0.92168 0 -0.01809 0.31477 0.23724 1
keyframe: 59 0.02226 0.99913 0.03524 0 -0.90617 0.03505 -0.42144 0 -0.42231 -0.02255 0.90616 0 -0.01804 0.31186 0.23003 1
keyframe: 60 0.03761 0.99924 -0.01015 0 -0.88542 0.02861 -0.46389 0 -0.46325 0.02644 0.88582 0 -0.0184 0.30979 0.22183 1
keyframe: 61 0.05967 0.99663 -0.05617 0 -0.86035 0.02281 -0.50919 0 -0.50619 0.07871 0.85881 0 -0.0195 0.30991 0.21164 1
keyframe: 62 0.08544 0.99194 -0.09354 0 -0.83777 0.02071 -0.54562 0 -0.53928 0.12499 0.83279 0 -0.02176 0.31282 0.1993 1
keyframe: 63 0.11014 0.98689 -0.11792 0 -0.8253 0.0247 -0.56414 0 -0.55383 0.15946 0.81721 0 -0.02469 0.31814 0.18528 1
keyframe: 64 0.12877 0.98247 -0.13479 0 -0.8252 0.03078 -0.56399 0 -0.54995 0.18386 0.8147 0 -0.02723 0.32533 0.16985 1
keyframe: 65 0.13798 0.97929 -0.14813 0 -0.83159 0.03331 -0.55437 0 -0.53796 0.19968 0.81897 0 -0.02985 0.33335 0.15331 1
keyframe: 66 0.13926 0.97764 -0.15755 0 -0.83772 0.03146 -0.54518 0 -0.52803 0.20791 0.82337 0 -0.03227 0.3399 0.13783 1
keyframe: 67 0.13636 0.97593 -0.17016 0 -0.84877 0.02652 -0.52808 0 -0.51086 0.21644 0.83196 0 -0.03436 0.34528 0.12344 1
keyframe: 68 0.12867 0.97373 -0.18781 0 -0.8684 0.01918 -0.49549 0 -0.47887 0.22686 0.84806 0 -0.036 0.34992 0.11073 1
keyframe: 69 0.113 0.97328 -0.19988 0 -0.88728 0.00831 -0.46115 0 -0.44716 0.22946 0.86451 0 -0.03719 0.35449 0.09927 1
keyframe: 70 0.09439 0.97445 -0.20377 0 -0.90109 -0.00338 -0.43361 0 -0.42322 0.22454 0.87775 0 -0.038 0.35933 0.08848 1

#Bone: spine 
globalBindposeInverse: 0 -1 0 0 0.99999 0 0 0 0 0 0.99999 0 -0.46025 0.00205 -0.00115 1
keyframe: 0 -0.14685 0.86767 0.47494 0 -0.96765 -0.02644 -0.25089 0 -0.20513 -0.49642 0.84349 0 -0.03233 0.4285 -0.02063 1
keyframe: 1 -0.14027 0.90049 0.41162 0 -0.9532 -0.01036 -0.30215 0 -0.26782 -0.43474 0.8598 0 -0.03206 0.42983 -0.01587 1
keyframe: 2 -0.1328 0.92768 0.34893 0 -0.93278 0.00203 -0.36042 0 -0.33507 -0.37334 0.86506 0 -0.0315 0.43054 -0.01045 1
keyframe: 3 -0.12784 0.94975 0.28569 0 -0.90332 0.00741 -0.42889 0 -0.40945 -0.3129 0.85699 0 -0.0303 0.42985 -0.00433 1
keyframe: 4 -0.12136 0.96681 0.22482 0 -0.86523 0.00796 -0.50131 0 -0.48646 -0.25536 0.83554 0 -0.02871 0.42922 0.00256 1
keyframe: 5 -0.1119 0.97877 0.1717 0 -0.82197 0.00592 -0.56948 0 -0.55841 -0.20486 0.80386 0 -0.0273 0.42918 0.01045 1
keyframe: 6 -0.10225 0.98658 0.12727 0 -0.77638 0.00083 -0.63025 0 -0.6219 -0.16325 0.76588 0 -0.0261 0.42925 0.01892 1
keyframe: 7 -0.09332 0.9915 0.09056 0 -0.73049 -0.00638 -0.68288 0 -0.67651 -0.12988 0.72488 0 -0.0249 0.42919 0.02768 1
keyframe: 8 -0.08364 0.99466 0.06043 0 -0.68627 -0.01353 -0.72721 0 -0.72251 -0.1023 0.68374 0 -0.02378 0.4289 0.03681 1
keyframe: 9 -0.0716 0.99686 0.03374 0 -0.64501 -0.02047 -0.76389 0 -0.7608 -0.07646 0.64446 0 -0.02288 0.42838 0.04597 1
keyframe: 10 -0.06024 0.99812 0.01085 0 -0.60482 -0.02784 -0.79586 0 -0.79407 -0.05451 0.60537 0 -0.02222 0.4277 0.05528 1
keyframe: 11 -0.05321 0.99857 -0.00488 0 -0.56403 -0.03408 -0.82504 0 -0.82403 -0.04114 0.56504 0 -0.02187 0.42673 0.06547 1
keyframe: 12 -0.0477 0.99875 -0.01462 0 -0.52564 -0.03755 -0.84987 0 -0.84936 -0.03285 0.52677 0 -0.02163 0.42537 0.07667 1
keyframe: 13 -0.04189 0.99888 -0.02171 0 -0.49153 -0.03953 -0.86995 0 -0.86984 -0.02577 0.49264 0 -0.02151 0.42358 0.08887 1
keyframe: 14 -0.03644 0.99899 -0.02617 0 -0.46064 -0.04003 -0.88668 0 -0.88683 -0.02026 0.46164 0 -0.02148 0.42115 0.10233 1
keyframe: 15 -0.03003 0.9992 -0.02634 0 -0.43416 -0.03677 -0.90008 0 -0.90033 -0.01559 0.43492 0 -0.02152 0.41765 0.11736 1
keyframe: 16 -0.02106 0.99954 -0.02155 0 -0.41602 -0.02837 -0.90891 0 -0.90911 -0.01018 0.41642 0 -0.0217 0.41336 0.1332 1
keyframe: 17 -0.00931 0.99987 -0.01316 0 -0.40525 -0.0158 -0.91406 0 -0.91415 -0.00317 0.40534 0 -0.02206 0.40867 0.14922 1
keyframe: 18 0.00493 0.99998 -0.00173 0 -0.40078 0.00038 -0.91617 0 -0.91615 0.00521 0.40078 0 -0.02248 0.40329 0.16563 1
keyframe: 19 0.02398 0.99964 0.01183 0 -0.40952 0.02062 -0.91206 0 -0.91198 0.01703 0.40987 0 -0.02235 0.39655 0.1824 1
keyframe: 20 0.04914 0.99845 0.0259 0 -0.4416 0.04498 -0.89608 0 -0.89586 0.0326 0.44313 0 -0.02096 0.38959 0.19824 1
keyframe: 21 0.07217 0.99649 0.04219 0 -0.50987 0.07322 -0.85712 0 -0.85721 0.04035 0.51337 0 -0.01964 0.3842 0.21319 1
keyframe: 22 0.0867 0.99397 0.06705 0 -0.62263 0.10661 -0.77521 0 -0.77768 0.02546 0.62813 0 -0.02034 0.38099 0.2278 1
keyframe: 23 0.09901 0.98961 0.10421 0 -0.7625 0.14274 -0.63103 0 -0.63935 -0.01698 0.76872 0 -0.02282 0.37941 0.24154 1
keyframe: 24 0.11235 0.98171 0.15367 0 -0.89037 0.16812 -0.42305 0 -0.44115 -0.08929 0.89297 0 -0.0268 0.37927 0.25422 1
keyframe: 25 0.1305 0.96936 0.20808 0 -0.96881 0.16927 -0.18096 0 -0.21064 -0.17797 0.96122 0 -0.0308 0.37955 0.26517 1
keyframe: 26 0.15606 0.95386 0.25646 0 -0.98773 0.14945 0.04521 0 0.0048 -0.26037 0.96549 0 -0.03369 0.37993 0.27387 1
keyframe: 27 0.18511 0.93367 0.30657 0 -0.96799 0.11943 0.22074 0 0.16948 -0.33762 0.92589 0 -0.03617 0.38079 0.28174 1
keyframe: 28 0.20756 0.91016 0.35848 0 -0.94012 0.08432 0.33024 0 0.27035 -0.40556 0.87316 0 -0.03911 0.38274 0.29084 1
keyframe: 29 0.222 0.88931 0.39978 0 -0.9216 0.0575 0.38384 0 0.31837 -0.45365 0.83236 0 -0.04222 0.386 0.30095 1
keyframe: 30 0.24122 0.86673 0.43656 0 -0.90231 0.03471 0.42967 0 0.35725 -0.49756 0.79044 0 -0.04412 0.38871 0.31101 1
keyframe: 31 0.27234 0.83448 0.47902 0 -0.8674 -0.00253 0.49758 0 0.41644 -0.55102 0.72315 0 -0.04392 0.38852 0.3211 1
keyframe: 32 0.30499 0.80062 0.51573 0 -0.82517 -0.0482 0.56281 0 0.47546 -0.59722 0.64595 0 -0.04273 0.38607 0.33031 1
keyframe: 33 0.33213 0.77312 0.54033 0 -0.79151 -0.08312 0.60546 0 0.51301 -0.62878 0.58433 0 -0.04158 0.38344 0.33707 1
keyframe: 34 0.35338 0.75072 0.55814 0 -0.76437 -0.11224 0.63493 0 0.5393 -0.651 0.53416 0 -0.04024 0.38086 0.34191 1
keyframe: 35 0.36612 0.73536 0.57025 0 -0.74245 -0.13858 0.6554 0 0.56099 -0.66334 0.49523 0 -0.03864 0.37848 0.34551 1
keyframe: 36 0.37106 0.7287 0.57558 0 -0.73317 -0.15047 0.66317 0 0.56987 -0.66808 0.47843 0 -0.03717 0.37681 0.34716 1
keyframe: 37 0.36956 0.72841 0.57691 0 -0.73964 -0.1452 0.65714 0 0.56244 -0.66957 0.4851 0 -0.03594 0.37602 0.34682 1
keyframe: 38 0.36108 0.73226 0.57741 0 -0.75859 -0.12945 0.63856 0 0.54235 -0.6686 0.50874 0 -0.03484 0.3759 0.34532 1
keyframe: 39 0.3469 0.73948 0.5769 0 -0.78487 -0.10783 0.61019 0 0.51344 -0.66447 0.54299 0 -0.03387 0.37618 0.34311 1
keyframe: 40 0.32927 0.74831 0.57584 0 -0.81293 -0.08556 0.57603 0 0.48032 -0.6578 0.58015 0 -0.03306 0.37665 0.3407 1
keyframe: 41 0.30976 0.7576 0.57452 0 -0.83808 -0.06781 0.5413 0 0.44905 -0.64917 0.61393 0 -0.03245 0.37722 0.33836 1
keyframe: 42 0.28962 0.76727 0.5722 0 -0.85951 -0.05454 0.50818 0 0.42113 -0.639 0.64368 0 -0.03201 0.37792 0.33581 1
keyframe: 43 0.26937 0.77784 0.56779 0 -0.879 -0.04227 0.47493 0 0.39343 -0.62702 0.67234 0 -0.0317 0.37879 0.33276 1
keyframe: 44 0.24783 0.79039 0.56023 0 -0.89762 -0.03021 0.43971 0 0.36447 -0.61185 0.70198 0 -0.03147 0.3797 0.329 1
keyframe: 45 0.22503 0.8041 0.55024 0 -0.9156 -0.01861 0.40165 0 0.33321 -0.59419 0.73205 0 -0.03113 0.38056 0.32478 1
keyframe: 46 0.20304 0.81792 0.5383 0 -0.93268 -0.00581 0.36064 0 0.2981 -0.57529 0.76168 0 -0.03056 0.38134 0.32035 1
keyframe: 47 0.18173 0.83283 0.52283 0 -0.9484 0.00797 0.31696 0 0.2598 -0.55346 0.79131 0 -0.02995 0.3821 0.31539 1
keyframe: 48 0.16216 0.84746 0.50547 0 -0.96196 0.02165 0.27229 0 0.21981 -0.5304 0.81875 0 -0.0293 0.38266 0.31023 1
keyframe: 49 0.14596 0.86087 0.48743 0 -0.97318 0.03641 0.2271 0 0.17776 -0.50751 0.8431 0 -0.02839 0.38297 0.30519 1
keyframe: 50 0.13202 0.87483 0.46608 0 -0.98226 0.05232 0.18004 0 0.13312 -0.48158 0.86622 0 -0.02728 0.38329 0.29983 1
keyframe: 51 0.11831 0.88936 0.44162 0 -0.98918 0.06675 0.13057 0 0.08664 -0.4523 0.88764 0 -0.02624 0.38363 0.29406 1
keyframe: 52 0.10424 0.90341 0.4159 0 -0.99377 0.07811 0.07941 0 0.03925 -0.42159 0.90593 0 -0.02526 0.38364 0.28803 1
keyframe: 53 0.09095 0.91702 0.38832 0 -0.99581 0.0873 0.02707 0 -0.00907 -0.38915 0.92112 0 -0.02413 0.38315 0.28156 1
keyframe: 54 0.07941 0.9303 0.35808 0 -0.99514 0.09496 -0.026 0 -0.0582 -0.35427 0.93332 0 -0.02266 0.38233 0.27468 1
keyframe: 55 0.06924 0.94381 0.32312 0 -0.99176 0.1001 -0.07988 0 -0.10774 -0.31493 0.94297 0 -0.02096 0.38101 0.26724 1
keyframe: 56 0.05981 0.95685 0.28434 0 -0.98546 0.10197 -0.13584 0 -0.15898 -0.27208 0.94904 0 -0.01937 0.37917 0.25928 1
keyframe: 57 0.05162 0.9684 0.24396 0 -0.97566 0.10103 -0.19459 0 -0.21309 -0.22798 0.95005 0 -0.0182 0.37694 0.25089 1
keyframe: 58 0.04618 0.97851 0.20095 0 -0.96277 0.09723 -0.25219 0 -0.26631 -0.18182 0.94658 0 -0.01737 0.37436 0.24187 1
keyframe: 59 0.04425 0.987 0.15444 0 -0.94773 0.09038 -0.30599 0 -0.31598 -0.13283 0.93942 0 -0.01671 0.37158 0.23214 1
keyframe: 60 0.0471 0.99338 0.10474 0 -0.92945 0.082 -0.3597 0 -0.36591 -0.0804 0.92716 0 -0.01615 0.36952 0.22123 1
keyframe: 61 0.05478 0.99694 0.05567 0 -0.90806 0.07292 -0.41244 0 -0.41524 -0.02795 0.90928 0 -0.01593 0.36949 0.20828 1
keyframe: 62 0.06482 0.99777 0.01552 0 -0.8886 0.06479 -0.45408 0 -0.45407 0.01563 0.89082 0 -0.01665 0.37211 0.1937 1
keyframe: 63 0.07571 0.99705 -0.01235 0 -0.877 0.06069 -0.47663 0 -0.47447 0.04692 0.87901 0 -0.01811 0.37713 0.17823 1
keyframe: 64 0.08341 0.99598 -0.03238 0 -0.87525 0.05769 -0.48021 0 -0.47641 0.0684 0.87655 0 -0.01954 0.38406 0.16179 1
keyframe: 65 0.08546 0.99518 -0.04788 0 -0.8787 0.05263 -0.47444 0 -0.46964 0.08262 0.87897 0 -0.0216 0.39189 0.14445 1
keyframe: 66 0.08218 0.99486 -0.05901 0 -0.8824 0.04511 -0.46831 0 -0.46325 0.09056 0.88158 0 -0.02394 0.39834 0.12841 1
keyframe: 67 0.07578 0.99476 -0.06861 0 -0.88962 0.03637 -0.45524 0 -0.45036 0.09553 0.88771 0 -0.02621 0.40362 0.11327 1
keyframe: 68 0.06662 0.99464 -0.07904 0 -0.90309 0.02642 -0.42863 0 -0.42424 0.09994 0.90001 0 -0.02831 0.40812 0.09951 1
keyframe: 69 0.0533 0.99492 -0.08532 0 -0.91699 0.01494 -0.39862 0 -0.39532 0.09949 0.91313 0 -0.03043 0.41267 0.08733 1
keyframe: 70 0.03878 0.99548 -0.08659 0 -0.92811 0.00377 -0.37227 0 -0.37026 0.09481 0.92407 0 -0.03235 0.41758 0.0763 1

#Bone: upper 
globalBindposeInverse: 0 -1 0 0 0.99999 0 0 0 0 0 0.99999 0 -0.58494 0.00205 -0.00115 1
keyframe: 0 -0.2471 0.54983 0.79788 0 -0.96126 -0.03533 -0.27334 0 -0.12209 -0.83452 0.53727 0 -0.05064 0.53669 0.03858 1
keyframe: 1 -0.26781 0.62869 0.73008 0 -0.94422 -0.02056 -0.32866 0 -0.19161 -0.77738 0.59913 0 -0.04955 0.54211 0.03545 1
keyframe: 2 -0.28599 0.69696 0.6576 0 -0.92046 -0.00907 -0.3907 0 -0.26634 -0.71704 0.64413 0 -0.04806 0.54622 0.03305 1
keyframe: 3 -0.30609 0.75551 0.57923 0 -0.88679 -0.00497 -0.46214 0 -0.34627 -0.65511 0.6715 0 -0.04624 0.54828 0.03129 1
keyframe: 4 -0.32431 0.80516 0.49651 0 -0.84183 -0.00628 -0.53969 0 -0.43142 -0.59301 0.67985 0 -0.04384 0.54978 0.0306 1
keyframe: 5 -0.33599 0.84593 0.41412 0 -0.7876 -0.01123 -0.61607 0 -0.5165 -0.53316 0.67004 0 -0.04126 0.55123 0.03186 1
keyframe: 6 -0.34229 0.87709 0.33694 0 -0.72835 -0.02114 -0.68487 0 -0.59357 -0.47984 0.64607 0 -0.03885 0.55227 0.03479 1
keyframe: 7 -0.34784 0.89854 0.26761 0 -0.66751 -0.03691 -0.74367 0 -0.65835 -0.43732 0.61263 0 -0.03654 0.55283 0.03898 1
keyframe: 8 -0.35251 0.91322 0.20432 0 -0.60465 -0.05563 -0.79454 0 -0.71423 -0.40363 0.57179 0 -0.03421 0.55293 0.04434 1
keyframe: 9 -0.35235 0.92424 0.147 0 -0.53902 -0.07201 -0.8392 0 -0.76504 -0.37493 0.52356 0 -0.03181 0.55269 0.05018 1
keyframe: 10 -0.34718 0.93261 0.09846 0 -0.47496 -0.08432 -0.87595 0 -0.80862 -0.35088 0.47223 0 -0.02974 0.55216 0.05664 1
keyframe: 11 -0.3381 0.93925 0.05901 0 -0.41719 -0.09338 -0.904 0 -0.84358 -0.33026 0.42342 0 -0.0285 0.55124 0.06486 1
keyframe: 12 -0.32559 0.94508 0.02827 0 -0.36847 -0.09928 -0.92431 0 -0.87075 -0.31136 0.38057 0 -0.02758 0.54991 0.07484 1
keyframe: 13 -0.31102 0.95039 0.00358 0 -0.32784 -0.10375 -0.93901 0 -0.89206 -0.29323 0.34384 0 -0.02673 0.54814 0.08616 1
keyframe: 14 -0.29364 0.95572 -0.0191 0 -0.29207 -0.10873 -0.95019 0 -0.9102 -0.27343 0.31107 0 -0.02602 0.54572 0.09906 1
keyframe: 15 -0.27024 0.96204 -0.03798 0 -0.26058 -0.11106 -0.95904 0 -0.92685 -0.24928 0.2807 0 -0.02526 0.54225 0.11407 1
keyframe: 16 -0.24164 0.96909 -0.04955 0 -0.23605 -0.10824 -0.96569 0 -0.94121 -0.22165 0.25491 0 -0.02433 0.538 0.13051 1
keyframe: 17 -0.21118 0.97592 -0.05446 0 -0.21995 -0.10174 -0.97018 0 -0.95237 -0.19291 0.23614 0 -0.02322 0.53335 0.14758 1
keyframe: 18 -0.17908 0.98242 -0.05265 0 -0.21185 -0.09076 -0.97307 0 -0.96075 -0.1631 0.22438 0 -0.02186 0.52798 0.16542 1
keyframe: 19 -0.14682 0.98829 -0.04146 0 -0.21859 -0.0733 -0.97305 0 -0.9647 -0.1338 0.22679 0 -0.01936 0.5212 0.18388 1
keyframe: 20 -0.11579 0.99312 -0.01724 0 -0.25551 -0.04656 -0.96568 0 -0.95984 -0.10741 0.25915 0 -0.01483 0.51409 0.20147 1
keyframe: 21 -0.07943 0.99666 0.01874 0 -0.33926 -0.00934 -0.94064 0 -0.93732 -0.08108 0.33887 0 -0.01064 0.50846 0.21845 1
keyframe: 22 -0.03075 0.99754 0.06284 0 -0.47667 0.04062 -0.87814 0 -0.87854 -0.05696 0.47425 0 -0.00952 0.50494 0.23616 1
keyframe: 23 0.02942 0.99274 0.11659 0 -0.66027 0.10687 -0.74338 0 -0.75044 -0.0551 0.65862 0 -0.01047 0.50281 0.25453 1
keyframe: 24 0.10381 0.97765 0.18281 0 -0.84615 0.18342 -0.50037 0 -0.52272 -0.10273 0.84628 0 -0.01279 0.50168 0.27338 1
keyframe: 25 0.19283 0.94843 0.25155 0 -0.95419 0.24102 -0.17728 0 -0.22877 -0.20584 0.95146 0 -0.01453 0.50042 0.29111 1
keyframe: 26 0.2865 0.90477 0.31509 0 -0.95647 0.25111 0.14862 0 0.05534 -0.34396 0.93734 0 -0.01422 0.49887 0.30586 1
keyframe: 27 0.38286 0.84649 0.36995 0 -0.88036 0.21296 0.42379 0 0.27995 -0.48794 0.82676 0 -0.01309 0.49721 0.31997 1
keyframe: 28 0.46551 0.78707 0.40474 0 -0.78636 0.15797 0.59722 0 0.40612 -0.59628 0.69246 0 -0.01323 0.49623 0.33554 1
keyframe: 29 0.52536 0.73638 0.42629 0 -0.72459 0.12454 0.67783 0 0.44605 -0.66499 0.59901 0 -0.01454 0.49689 0.3508 1
keyframe: 30 0.57495 0.68453 0.44814 0 -0.66117 0.06608 0.74731 0 0.48195 -0.72597 0.49059 0 -0.01404 0.49679 0.36545 1
keyframe: 31 0.61823 0.63328 0.46555 0 -0.56471 -0.05409 0.8235 0 0.54669 -0.77202 0.32418 0 -0.00996 0.49258 0.38083 1
keyframe: 32 0.65313 0.59413 0.46948 0 -0.47173 -0.16575 0.86602 0 0.59235 -0.7871 0.172 0 -0.0047 0.48591 0.39462 1
keyframe: 33 0.68712 0.55602 0.46764 0 -0.41482 -0.22818 0.88082 0 0.59646 -0.79923 0.07385 0 -0.00016 0.47985 0.40445 1
keyframe: 34 0.71406 0.52078 0.46785 0 -0.37984 -0.27315 0.88379 0 0.58807 -0.8088 0.00276 0 0.00382 0.47447 0.41151 1
keyframe: 35 0.72384 0.50233 0.47296 0 -0.36164 -0.30755 0.88012 0 0.58758 -0.80812 -0.04095 0 0.007 0.47018 0.41662 1
keyframe: 36 0.7234 0.49499 0.48131 0 -0.36477 -0.31788 0.87515 0 0.58619 -0.80866 -0.04939 0 0.00909 0.46768 0.41893 1
keyframe: 37 0.71914 0.48968 0.49298 0 -0.38811 -0.30542 0.86953 0 0.57636 -0.81665 -0.02959 0 0.01014 0.46685 0.41876 1
keyframe: 38 0.70916 0.48701 0.50981 0 -0.42625 -0.27982 0.86023 0 0.5616 -0.82735 0.00915 0 0.01017 0.46721 0.41732 1
keyframe: 39 0.69327 0.48977 0.52867 0 -0.47209 -0.24562 0.84663 0 0.54451 -0.83653 0.06092 0 0.00937 0.46839 0.41505 1
keyframe: 40 0.67418 0.49804 0.54537 0 -0.51812 -0.2073 0.8298 0 0.52633 -0.842 0.11828 0 0.00799 0.46996 0.4125 1
keyframe: 41 0.65396 0.50982 0.55893 0 -0.5588 -0.17249 0.81115 0 0.50996 -0.8428 0.17208 0 0.00617 0.47169 0.41 1
keyframe: 42 0.63253 0.52241 0.57183 0 -0.59508 -0.14477 0.79051 0 0.49575 -0.84031 0.2193 0 0.00409 0.47359 0.40716 1
keyframe: 43 0.60958 0.53579 0.58423 0 -0.62952 -0.12072 0.76754 0 0.48177 -0.83567 0.2637 0 0.00188 0.47578 0.40356 1
keyframe: 44 0.58418 0.5517 0.59527 0 -0.66378 -0.09726 0.74156 0 0.46702 -0.82834 0.30939 0 -0.00057 0.47826 0.39886 1
keyframe: 45 0.55539 0.5715 0.60408 0 -0.69858 -0.07344 0.71175 0 0.45113 -0.8173 0.35845 0 -0.00307 0.48083 0.3934 1
keyframe: 46 0.52495 0.59438 0.6092 0 -0.73241 -0.04914 0.67907 0 0.43356 -0.80268 0.40953 0 -0.00524 0.48334 0.38747 1
keyframe: 47 0.49435 0.61791 0.61138 0 -0.76553 -0.0237 0.64295 0 0.41178 -0.78588 0.46131 0 -0.00729 0.48595 0.38058 1
keyframe: 48 0.46356 0.64136 0.61135 0 -0.79849 0.0033 0.60199 0 0.38407 -0.76722 0.51365 0 -0.00908 0.48833 0.37326 1
keyframe: 49 0.43324 0.66534 0.60796 0 -0.82937 0.03028 0.55787 0 0.35276 -0.74592 0.56493 0 -0.01019 0.49031 0.36597 1
keyframe: 50 0.40313 0.68941 0.60181 0 -0.85788 0.05574 0.5108 0 0.31861 -0.72221 0.61391 0 -0.01082 0.49238 0.35795 1
keyframe: 51 0.37213 0.7133 0.59389 0 -0.88452 0.0786 0.45983 0 0.28131 -0.69642 0.66018 0 -0.01148 0.49453 0.34913 1
keyframe: 52 0.34061 0.73784 0.58272 0 -0.90828 0.09809 0.40669 0 0.24291 -0.6678 0.70358 0 -0.01227 0.49629 0.3399 1
keyframe: 53 0.30993 0.76305 0.56717 0 -0.92876 0.11542 0.35224 0 0.20331 -0.63595 0.74446 0 -0.01279 0.4975 0.32998 1
keyframe: 54 0.2789 0.78876 0.54777 0 -0.94677 0.13037 0.29432 0 0.16073 -0.6007 0.78314 0 -0.01276 0.49833 0.31933 1
keyframe: 55 0.24593 0.81529 0.52422 0 -0.96242 0.14117 0.23195 0 0.11509 -0.56157 0.81938 0 -0.01232 0.4987 0.30753 1
keyframe: 56 0.21166 0.84254 0.49529 0 -0.97509 0.14766 0.16549 0 0.06629 -0.51799 0.85281 0 -0.01191 0.49849 0.29474 1
keyframe: 57 0.17913 0.87001 0.45933 0 -0.98373 0.15205 0.09563 0 0.01335 -0.46899 0.88309 0 -0.01176 0.49769 0.28131 1
keyframe: 58 0.14906 0.89638 0.41746 0 -0.98784 0.15381 0.02246 0 -0.04407 -0.41574 0.90841 0 -0.01161 0.49638 0.26693 1
keyframe: 59 0.12026 0.92077 0.37108 0 -0.98706 0.15081 -0.05433 0 -0.10599 -0.35975 0.927 0 -0.01119 0.49466 0.25139 1
keyframe: 60 0.09571 0.94243 0.32038 0 -0.98115 0.1436 -0.12929 0 -0.16785 -0.30197 0.93842 0 -0.01028 0.49339 0.23429 1
keyframe: 61 0.07369 0.95943 0.27212 0 -0.97197 0.13017 -0.19573 0 -0.22322 -0.25007 0.94214 0 -0.0091 0.4938 0.21522 1
keyframe: 62 0.05135 0.97113 0.23295 0 -0.96242 0.1104 -0.24809 0 -0.26665 -0.21146 0.9403 0 -0.00857 0.49653 0.19564 1
keyframe: 63 0.03288 0.97854 0.2034 0 -0.95539 0.09053 -0.2811 0 -0.29349 -0.18508 0.93787 0 -0.00866 0.50146 0.17669 1
keyframe: 64 0.01781 0.98319 0.18166 0 -0.95251 0.07192 -0.29588 0 -0.30398 -0.16776 0.93778 0 -0.00914 0.50825 0.15775 1
keyframe: 65 0.00345 0.98642 0.16419 0 -0.95204 0.05347 -0.30124 0 -0.30593 -0.15527 0.9393 0 -0.01095 0.51598 0.13848 1
keyframe: 66 -0.01067 0.98849 0.15084 0 -0.95213 0.03604 -0.30355 0 -0.30549 -0.14686 0.94079 0 -0.01369 0.52239 0.12106 1
keyframe: 67 -0.025 0.9887 0.14779 0 -0.95351 0.02082 -0.30063 0 -0.30031 -0.14844 0.94221 0 -0.01676 0.52766 0.10471 1
keyframe: 68 -0.03779 0.98772 0.15158 0 -0.95746 0.00763 -0.28845 0 -0.28607 -0.15604 0.94541 0 -0.02 0.53215 0.08965 1
keyframe: 69 -0.04649 0.98666 0.156 0 -0.96334 -0.00297 -0.26826 0 -0.26422 -0.16275 0.95062 0 -0.02379 0.53673 0.07669 1
keyframe: 70 -0.05179 0.98589 0.15914 0 -0.96964 -0.01151 -0.24424 0 -0.23897 -0.16696 0.95656 0 -0.02752 0.54171 0.0655 1

#Bone: head 
globalBindposeInverse: 0 -1 0 0 0.99999 0 0 0 0 0 0.99999 0 -0.63789 0.00205 -0.00115 1
keyframe: 0 -0.26598 0.51859 0.81259 0 -0.95892 -0.05611 -0.27807 0 -0.0986 -0.85317 0.51221 0 -0.06372 0.56581 0.08083 1
keyframe: 1 -0.29271 0.58784 0.75416 0 -0.94384 -0.05121 -0.3264 0 -0.15324 -0.80735 0.56982 0 -0.06373 0.5754 0.0741 1
keyframe: 2 -0.317 0.64953 0.69109 0 -0.92451 -0.04905 -0.37797 0 -0.21161 -0.75874 0.61605 0 -0.06321 0.58312 0.06787 1
keyframe: 3 -0.33907 0.7032 0.62492 0 -0.89992 -0.04888 -0.43328 0 -0.27414 -0.7093 0.64941 0 -0.06245 0.58829 0.06196 1
keyframe: 4 -0.35968 0.74901 0.55642 0 -0.86804 -0.04988 -0.49396 0 -0.34222 -0.66067 0.66812 0 -0.06102 0.59241 0.05689 1
keyframe: 5 -0.37843 0.78724 0.48686 0 -0.82868 -0.05381 -0.55712 0 -0.41239 -0.61428 0.67274 0 -0.05905 0.59602 0.05379 1
keyframe: 6 -0.39324 0.81887 0.41808 0 -0.7846 -0.06181 -0.61691 0 -0.47933 -0.57063 0.6668 0 -0.05698 0.59871 0.05263 1
keyframe: 7 -0.40282 0.84501 0.35169 0 -0.73895 -0.07352 -0.66973 0 -0.54007 -0.52966 0.65404 0 -0.05496 0.60041 0.05315 1
keyframe: 8 -0.40957 0.86503 0.28978 0 -0.69127 -0.08699 -0.71733 0 -0.5953 -0.49411 0.6336 0 -0.05288 0.60129 0.05516 1
keyframe: 9 -0.41417 0.87982 0.23317 0 -0.64039 -0.09963 -0.76155 0 -0.6468 -0.46474 0.60469 0 -0.05046 0.60163 0.05797 1
keyframe: 10 -0.4141 0.89172 0.18262 0 -0.58992 -0.11012 -0.79991 0 -0.69318 -0.43898 0.57165 0 -0.04812 0.60155 0.06185 1
keyframe: 11 -0.40877 0.90192 0.1394 0 -0.54403 -0.11817 -0.83069 0 -0.73275 -0.4154 0.53898 0 -0.04641 0.60098 0.06799 1
keyframe: 12 -0.39991 0.91052 0.1049 0 -0.50489 -0.12332 -0.85432 0 -0.76494 -0.39462 0.50904 0 -0.04482 0.59995 0.07634 1
keyframe: 13 -0.38903 0.9178 0.07931 0 -0.47274 -0.12499 -0.87228 0 -0.79067 -0.37684 0.48251 0 -0.0432 0.59846 0.08635 1
keyframe: 14 -0.37578 0.92478 0.0597 0 -0.4458 -0.12392 -0.88651 0 -0.81243 -0.35975 0.45883 0 -0.04157 0.59633 0.09805 1
keyframe: 15 -0.35884 0.93238 0.0434 0 -0.42207 -0.12061 -0.89849 0 -0.83251 -0.34073 0.43682 0 -0.03957 0.59319 0.11206 1
keyframe: 16 -0.33788 0.94065 0.03168 0 -0.40308 -0.1142 -0.908 0 -0.8505 -0.31957 0.41775 0 -0.03712 0.58931 0.12789 1
keyframe: 17 -0.31414 0.94898 0.02721 0 -0.39127 -0.1033 -0.91445 0 -0.86499 -0.29792 0.40377 0 -0.0344 0.58503 0.1447 1
keyframe: 18 -0.28687 0.95754 0.02834 0 -0.38589 -0.08842 -0.91829 0 -0.8768 -0.27437 0.39488 0 -0.03134 0.58 0.16263 1
keyframe: 19 -0.25497 0.96633 0.03437 0 -0.39133 -0.07062 -0.91753 0 -0.88421 -0.24739 0.39616 0 -0.02713 0.57353 0.18168 1
keyframe: 20 -0.22043 0.97408 0.05071 0 -0.42105 -0.04813 -0.90575 0 -0.87984 -0.22101 0.42075 0 -0.02096 0.56668 0.20056 1
keyframe: 21 -0.18143 0.98055 0.07475 0 -0.48885 -0.02397 -0.87203 0 -0.85329 -0.19476 0.48369 0 -0.01484 0.56123 0.21944 1
keyframe: 22 -0.13353 0.98536 0.10593 0 -0.59929 0.00484 -0.80051 0 -0.7893 -0.17038 0.58988 0 -0.01115 0.55776 0.23949 1
keyframe: 23 -0.06915 0.98514 0.15716 0 -0.74572 0.05359 -0.66409 0 -0.66265 -0.16312 0.73094 0 -0.00891 0.55538 0.26071 1
keyframe: 24 0.0232 0.97208 0.23349 0 -0.89034 0.12632 -0.43741 0 -0.45469 -0.19773 0.86841 0 -0.00729 0.55345 0.28306 1
keyframe: 25 0.13637 0.93938 0.31458 0 -0.96943 0.19191 -0.15284 0 -0.20394 -0.28412 0.93684 0 -0.00432 0.55064 0.30443 1
keyframe: 26 0.2528 0.89021 0.37894 0 -0.96712 0.22136 0.12516 0 0.02754 -0.39813 0.91691 0 0.00094 0.54678 0.32254 1
keyframe: 27 0.35849 0.83259 0.42222 0 -0.90901 0.20834 0.36095 0 0.21255 -0.5132 0.83152 0 0.00718 0.54203 0.33955 1
keyframe: 28 0.43612 0.78142 0.44628 0 -0.83854 0.17293 0.51665 0 0.32655 -0.59955 0.73068 0 0.01141 0.53791 0.35697 1
keyframe: 29 0.49231 0.73695 0.46317 0 -0.78926 0.15358 0.59453 0 0.367 -0.65826 0.65726 0 0.01327 0.53588 0.37338 1
keyframe: 30 0.53475 0.69474 0.481 0 -0.74034 0.11081 0.66303 0 0.40733 -0.71066 0.57361 0 0.01639 0.53304 0.38918 1
keyframe: 31 0.56267 0.65982 0.49803 0 -0.66646 0.00562 0.74551 0 0.4891 -0.7514 0.44291 0 0.02276 0.52611 0.40548 1
keyframe: 32 0.58221 0.63127 0.51236 0 -0.59195 -0.10285 0.79937 0 0.55732 -0.76871 0.3138 0 0.02987 0.51737 0.41948 1
keyframe: 33 0.59447 0.60248 0.53255 0 -0.55355 -0.17374 0.81448 0 0.58324 -0.77898 0.23022 0 0.03621 0.50929 0.42921 1
keyframe: 34 0.60403 0.57093 0.55603 0 -0.53692 -0.22406 0.81333 0 0.58894 -0.78982 0.1712 0 0.04163 0.50205 0.43628 1
keyframe: 35 0.61297 0.54139 0.57545 0 -0.5306 -0.25758 0.80753 0 0.58542 -0.80033 0.12937 0 0.04533 0.49678 0.44166 1
keyframe: 36 0.61518 0.52202 0.5908 0 -0.53994 -0.26706 0.7982 0 0.57446 -0.81004 0.11756 0 0.04739 0.49388 0.44441 1
keyframe: 37 0.61 0.5118 0.60493 0 -0.56427 -0.2554 0.78508 0 0.55631 -0.82025 0.133 0 0.04821 0.49278 0.44486 1
keyframe: 38 0.59841 0.50993 0.61795 0 -0.59713 -0.23035 0.76835 0 0.53415 -0.82879 0.16665 0 0.04772 0.493 0.44431 1
keyframe: 39 0.58105 0.51743 0.6282 0 -0.63306 -0.19772 0.74841 0 0.51146 -0.83256 0.21267 0 0.04608 0.49433 0.44304 1
keyframe: 40 0.56055 0.53196 0.63465 0 -0.66766 -0.16304 0.72638 0 0.48989 -0.83091 0.26378 0 0.04368 0.49633 0.44138 1
keyframe: 41 0.53853 0.55098 0.63749 0 -0.69776 -0.13249 0.70397 0 0.47234 -0.82393 0.31309 0 0.0408 0.49868 0.4396 1
keyframe: 42 0.5145 0.57273 0.63816 0 -0.72385 -0.10887 0.6813 0 0.45969 -0.81247 0.35855 0 0.03759 0.50126 0.43744 1
keyframe: 43 0.48907 0.59502 0.63777 0 -0.74831 -0.08944 0.65728 0 0.44815 -0.79871 0.40152 0 0.03416 0.50415 0.4345 1
keyframe: 44 0.46357 0.61792 0.63503 0 -0.77207 -0.06994 0.63167 0 0.43474 -0.78312 0.44465 0 0.03036 0.50748 0.43038 1
keyframe: 45 0.43835 0.6424 0.62861 0 -0.79524 -0.0487 0.60432 0 0.41884 -0.76481 0.48951 0 0.02632 0.51109 0.42538 1
keyframe: 46 0.41165 0.66756 0.62039 0 -0.8184 -0.02869 0.57392 0 0.40093 -0.74399 0.53453 0 0.02255 0.51481 0.41973 1
keyframe: 47 0.3844 0.69224 0.61076 0 -0.84149 -0.00931 0.54018 0 0.37962 -0.7216 0.57894 0 0.01888 0.51867 0.41295 1
keyframe: 48 0.35936 0.71674 0.5976 0 -0.86384 0.01324 0.50358 0 0.35303 -0.69721 0.62391 0 0.01546 0.52229 0.40564 1
keyframe: 49 0.33456 0.74134 0.58178 0 -0.88539 0.03588 0.46344 0 0.32269 -0.67016 0.66839 0 0.01274 0.52554 0.39816 1
keyframe: 50 0.30792 0.76424 0.56667 0 -0.90642 0.05467 0.4188 0 0.28908 -0.6426 0.70956 0 0.01052 0.52888 0.38982 1
keyframe: 51 0.28215 0.78516 0.55127 0 -0.92545 0.07132 0.37208 0 0.25282 -0.61517 0.74675 0 0.00821 0.5323 0.38058 1
keyframe: 52 0.25923 0.80642 0.53149 0 -0.94117 0.0874 0.32643 0 0.21678 -0.58484 0.78163 0 0.00576 0.53536 0.37075 1
keyframe: 53 0.23668 0.82866 0.50724 0 -0.95477 0.10165 0.27942 0 0.17998 -0.55044 0.81524 0 0.00361 0.53791 0.36001 1
keyframe: 54 0.21112 0.84956 0.48338 0 -0.96742 0.11095 0.22752 0 0.13966 -0.51567 0.84532 0 0.002 0.5401 0.34833 1
keyframe: 55 0.18372 0.86887 0.45968 0 -0.97819 0.1155 0.17262 0 0.09689 -0.48137 0.87114 0 0.00069 0.54187 0.33529 1
keyframe: 56 0.15617 0.8886 0.43127 0 -0.98631 0.1169 0.1163 0 0.05292 -0.44353 0.89469 0 -0.00071 0.5431 0.32096 1
keyframe: 57 0.12722 0.90781 0.39961 0 -0.99185 0.11377 0.0573 0 0.00655 -0.40364 0.91489 0 -0.00228 0.54376 0.30563 1
keyframe: 58 0.09896 0.9249 0.3671 0 -0.99416 0.1078 -0.00361 0 -0.04291 -0.3646 0.93017 0 -0.00372 0.54384 0.28904 1
keyframe: 59 0.07218 0.93981 0.33397 0 -0.99277 0.09989 -0.06652 0 -0.09588 -0.32676 0.94023 0 -0.00482 0.54341 0.27104 1
keyframe: 60 0.04473 0.95125 0.30513 0 -0.98784 0.08764 -0.12838 0 -0.14886 -0.29568 0.94361 0 -0.00521 0.54329 0.25125 1
keyframe: 61 0.01847 0.9582 0.28547 0 -0.98059 0.0731 -0.18192 0 -0.19519 -0.27656 0.94096 0 -0.0052 0.5446 0.22963 1
keyframe: 62 -0.00394 0.96124 0.27566 0 -0.97325 0.05963 -0.22187 0 -0.22971 -0.26916 0.93529 0 -0.00585 0.54795 0.20798 1
keyframe: 63 -0.02335 0.96155 0.2736 0 -0.96808 0.04656 -0.24626 0 -0.24954 -0.27062 0.92978 0 -0.00692 0.55327 0.18746 1
keyframe: 64 -0.04254 0.96003 0.27663 0 -0.96589 0.03126 -0.25705 0 -0.25542 -0.27813 0.92595 0 -0.00819 0.56031 0.16737 1
keyframe: 65 -0.06065 0.95821 0.27955 0 -0.9653 0.01495 -0.26068 0 -0.25397 -0.28567 0.92406 0 -0.01076 0.56821 0.14718 1
keyframe: 66 -0.07451 0.95777 0.27769 0 -0.96519 0.00073 -0.26151 0 -0.25067 -0.28751 0.92438 0 -0.01426 0.57473 0.12904 1
keyframe: 67 -0.08505 0.95737 0.27603 0 -0.96599 -0.01134 -0.2583 0 -0.24416 -0.28861 0.92578 0 -0.01808 0.58001 0.11254 1
keyframe: 68 -0.09289 0.95675 0.27565 0 -0.96851 -0.0226 -0.24794 0 -0.23099 -0.29001 0.92872 0 -0.02201 0.58445 0.09768 1
keyframe: 69 -0.09543 0.95678 0.2747 0 -0.97252 -0.03075 -0.23075 0 -0.21233 -0.28917 0.93343 0 -0.02625 0.58897 0.08495 1
keyframe: 70 -0.09362 0.95746 0.27293 0 -0.97702 -0.03563 -0.21011 0 -0.19145 -0.28633 0.9388 0 -0.03026 0.59391 0.07392 1

#Bone: L_arm 
globalBindposeInverse: 0.99983 0.01801 0 0 -0.01801 0.99983 0 0 0 0 1 0 -0.0589 -0.58577 -0.00115 1
keyframe: 0 0.58522 -0.78679 -0.19613 0 0.5099 0.16901 0.84346 0 -0.63047 -0.59362 0.5001 0 0.01422 0.53889 0.05674 1
keyframe: 1 0.53841 -0.83267 -0.12947 0 0.44019 0.14689 0.8858 0 -0.71856 -0.53392 0.44563 0 0.01417 0.54329 0.05735 1
keyframe: 2 0.48055 -0.87507 -0.05758 0 0.34815 0.13009 0.92836 0 -0.80489 -0.46617 0.36718 0 0.01406 0.5466 0.05917 1
keyframe: 3 0.41875 -0.90798 0.01445 0 0.23867 0.1254 0.96296 0 -0.87617 -0.3998 0.26923 0 0.01362 0.54837 0.06224 1
keyframe: 4 0.35637 -0.93097 0.0792 0 0.1209 0.13001 0.98411 0 -0.92648 -0.34113 0.15889 0 0.01299 0.54994 0.06681 1
keyframe: 5 0.29141 -0.94616 0.14086 0 -0.00557 0.14557 0.98933 0 -0.95658 -0.28909 0.03714 0 0.01193 0.55171 0.07325 1
keyframe: 6 0.22075 -0.95279 0.20844 0 -0.13626 0.18149 0.9739 0 -0.96576 -0.24339 -0.08976 0 0.01034 0.55341 0.08083 1
keyframe: 7 0.14306 -0.9476 0.2856 0 -0.27002 0.24025 0.93239 0 -0.95216 -0.21051 -0.2215 0 0.00855 0.55502 0.08901 1
keyframe: 8 0.0622 -0.92625 0.37173 0 -0.40049 0.31798 0.85935 0 -0.91418 -0.20233 -0.35118 0 0.00664 0.55638 0.09782 1
keyframe: 9 -0.01844 -0.88476 0.46567 0 -0.51149 0.40854 0.75595 0 -0.85908 -0.22424 -0.46009 0 0.00463 0.55724 0.10669 1
keyframe: 10 -0.09295 -0.82013 0.56457 0 -0.5877 0.5029 0.63378 0 -0.80371 -0.27288 -0.52874 0 0.00238 0.55754 0.11564 1
keyframe: 11 -0.1524 -0.72941 0.66688 0 -0.60749 0.60138 0.51893 0 -0.77956 -0.32603 -0.53476 0 -0.00027 0.55723 0.12577 1
keyframe: 12 -0.18358 -0.60718 0.77305 0 -0.54958 0.71542 0.4314 0 -0.81501 -0.34566 -0.46504 0 -0.00264 0.55629 0.13713 1
keyframe: 13 -0.16867 -0.45899 0.87227 0 -0.40409 0.83936 0.36354 0 -0.89902 -0.29116 -0.32706 0 -0.00453 0.55482 0.14945 1
keyframe: 14 -0.1024 -0.30796 0.94587 0 -0.19591 0.93849 0.28434 0 -0.97526 -0.15618 -0.15643 0 -0.00624 0.55273 0.16311 1
keyframe: 15 -0.01078 -0.17644 0.98425 0 -0.00567 0.9843 0.17639 0 -0.99992 -0.00368 -0.01161 0 -0.00761 0.54942 0.17872 1
keyframe: 16 0.06874 -0.07706 0.99465 0 0.10885 0.99163 0.06931 0 -0.99167 0.1035 0.07656 0 -0.00834 0.54497 0.19561 1
keyframe: 17 0.12899 -0.01098 0.99158 0 0.14333 0.98964 -0.00768 0 -0.98123 0.14311 0.12923 0 -0.00832 0.53989 0.21299 1
keyframe: 18 0.18584 0.02517 0.98225 0 0.0865 0.99537 -0.04188 0 -0.97876 0.09275 0.1828 0 -0.00752 0.53378 0.23101 1
keyframe: 19 0.2092 0.01328 0.97778 0 -0.03114 0.99949 -0.00691 0 -0.97737 -0.029 0.2095 0 -0.00458 0.52582 0.24947 1
keyframe: 20 0.31302 -0.06753 0.94734 0 -0.10731 0.98856 0.10593 0 -0.94366 -0.13482 0.30219 0 0.00242 0.5169 0.26656 1
keyframe: 21 0.45335 -0.20042 0.8685 0 -0.06131 0.96507 0.2547 0 -0.88922 -0.16872 0.42522 0 0.01224 0.50876 0.28184 1
keyframe: 22 0.56966 -0.36759 0.73508 0 0.09632 0.91809 0.38447 0 -0.81621 -0.14821 0.55842 0 0.0226 0.50187 0.29532 1
keyframe: 23 0.74254 -0.50201 0.4434 0 0.29302 0.83876 0.45891 0 -0.60229 -0.21083 0.76992 0 0.03401 0.49528 0.30459 1
keyframe: 24 0.77758 -0.60761 0.16175 0 0.49318 0.74894 0.44255 0 -0.39004 -0.26434 0.88203 0 0.04419 0.489 0.30705 1
keyframe: 25 0.73513 -0.67437 -0.06927 0 0.64816 0.66924 0.3633 0 -0.19863 -0.31197 0.92909 0 0.0497 0.48387 0.30298 1
keyframe: 26 0.66906 -0.69957 -0.25089 0 0.743 0.62176 0.24767 0 -0.01726 -0.35212 0.93579 0 0.05013 0.48165 0.29573 1
keyframe: 27 0.5907 -0.67875 -0.43629 0 0.78394 0.61079 0.11117 0 0.19102 -0.4077 0.8929 0 0.04611 0.48258 0.29128 1
keyframe: 28 0.47231 -0.61123 -0.63507 0 0.79448 0.60725 0.0064 0 0.38173 -0.50757 0.77242 0 0.03961 0.48533 0.29516 1
keyframe: 29 0.32788 -0.52349 -0.78641 0 0.80348 0.59236 -0.05931 0 0.49689 -0.61241 0.61484 0 0.03411 0.48826 0.30498 1
keyframe: 30 0.18696 -0.44107 -0.87778 0 0.80241 0.58404 -0.12256 0 0.56671 -0.68143 0.46312 0 0.03032 0.49211 0.31494 1
keyframe: 31 0.04264 -0.33125 -0.94257 0 0.78863 0.59037 -0.17179 0 0.61338 -0.73602 0.28641 0 0.02788 0.49601 0.32518 1
keyframe: 32 -0.10473 -0.18608 -0.97693 0 0.77647 0.59848 -0.19724 0 0.62138 -0.77922 0.0818 0 0.02687 0.49688 0.3361 1
keyframe: 33 -0.22339 -0.06361 -0.97265 0 0.75755 0.61659 -0.21431 0 0.61336 -0.7847 -0.08954 0 0.02756 0.49504 0.34493 1
keyframe: 34 -0.30021 0.00455 -0.95386 0 0.72429 0.6518 -0.22484 0 0.6207 -0.75837 -0.19897 0 0.02918 0.49271 0.35179 1
keyframe: 35 -0.38065 0.0739 -0.92175 0 0.68713 0.68967 -0.22846 0 0.61882 -0.72034 -0.31331 0 0.03114 0.49074 0.35715 1
keyframe: 36 -0.43428 0.10503 -0.89462 0 0.65701 0.71636 -0.23483 0 0.61621 -0.68977 -0.38011 0 0.03343 0.48894 0.35979 1
keyframe: 37 -0.46655 0.10549 -0.87817 0 0.65235 0.71151 -0.2611 0 0.59728 -0.6947 -0.40078 0 0.03605 0.48727 0.35999 1
keyframe: 38 -0.47226 0.07681 -0.8781 0 0.67895 0.667 -0.3068 0 0.56212 -0.74108 -0.36715 0 0.03866 0.48591 0.35917 1
keyframe: 39 -0.44517 0.02108 -0.89519 0 0.7266 0.59277 -0.34736 0 0.52332 -0.80509 -0.2792 0 0.04096 0.48478 0.35781 1
keyframe: 40 -0.37143 -0.08308 -0.92473 0 0.78303 0.50713 -0.36008 0 0.49888 -0.85785 -0.1233 0 0.04268 0.48376 0.3564 1
keyframe: 41 -0.27568 -0.2018 -0.93982 0 0.84374 0.41762 -0.33717 0 0.46053 -0.88592 0.05513 0 0.04361 0.48314 0.35515 1
keyframe: 42 -0.20277 -0.2341 -0.95082 0 0.90424 0.32787 -0.27357 0 0.3758 -0.91525 0.1452 0 0.04399 0.48318 0.3537 1
