#KeyframeAnimationInfo
Keyframe_Length: 60
BoneCount: 16
WeightVertexCount: 637

#Bone: hip 
globalBindposeInverse: 0 -1 0 0 0.99999 0 0 0 0 0 0.99999 0 -0.40047 0.00205 -0.00115 1
keyframe: 0 0.05575 0.99644 -0.06317 0 -0.73051 -0.00241 -0.68289 0 -0.68061 0.08422 0.72778 0 0.0024 0.37167 -0.00517 1
keyframe: 1 0.056 0.99641 -0.06338 0 -0.73021 -0.00241 -0.68321 0 -0.68091 0.08454 0.72746 0 0.00245 0.37171 -0.00521 1
keyframe: 2 0.05622 0.99639 -0.06356 0 -0.73 -0.00241 -0.68344 0 -0.68112 0.08483 0.72723 0 0.0025 0.37175 -0.00523 1
keyframe: 3 0.05656 0.99636 -0.06371 0 -0.72999 -0.00226 -0.68344 0 -0.6811 0.08516 0.72721 0 0.00255 0.37179 -0.00523 1
keyframe: 4 0.05692 0.99633 -0.06386 0 -0.73027 -0.00206 -0.68314 0 -0.68077 0.08552 0.72748 0 0.00259 0.37183 -0.00519 1
keyframe: 5 0.0573 0.99629 -0.06414 0 -0.73077 -0.00191 -0.68261 0 -0.6802 0.08599 0.72795 0 0.00262 0.37188 -0.00511 1
keyframe: 6 0.0577 0.99623 -0.06463 0 -0.73134 -0.00188 -0.682 0 -0.67956 0.08662 0.72848 0 0.00262 0.37194 -0.005 1
keyframe: 7 0.0581 0.99617 -0.06521 0 -0.7318 -0.00192 -0.6815 0 -0.67902 0.08732 0.72889 0 0.00262 0.37201 -0.00486 1
keyframe: 8 0.05841 0.99612 -0.0657 0 -0.73208 -0.002 -0.68121 0 -0.6787 0.08789 0.72913 0 0.00262 0.3721 -0.0047 1
keyframe: 9 0.05858 0.99609 -0.066 0 -0.73214 -0.00207 -0.68114 0 -0.67862 0.08823 0.72916 0 0.00261 0.37221 -0.00451 1
keyframe: 10 0.05872 0.99607 -0.06619 0 -0.73201 -0.00211 -0.68128 0 -0.67874 0.08845 0.72902 0 0.00263 0.37232 -0.00431 1
keyframe: 11 0.05893 0.99604 -0.06645 0 -0.73179 -0.00216 -0.68151 0 -0.67896 0.08879 0.72877 0 0.00267 0.37241 -0.00411 1
keyframe: 12 0.05926 0.99599 -0.06692 0 -0.73166 -0.00226 -0.68165 0 -0.67908 0.08936 0.7286 0 0.00273 0.37247 -0.00391 1
keyframe: 13 0.05965 0.99592 -0.06758 0 -0.73184 -0.00241 -0.68146 0 -0.67885 0.09011 0.72872 0 0.00279 0.3725 -0.00373 1
keyframe: 14 0.0601 0.99585 -0.06829 0 -0.73237 -0.00249 -0.68089 0 -0.67823 0.09093 0.72919 0 0.00283 0.37254 -0.00356 1
keyframe: 15 0.06053 0.99579 -0.06882 0 -0.73297 -0.00245 -0.68025 0 -0.67755 0.09162 0.72974 0 0.00283 0.37263 -0.00339 1
keyframe: 16 0.06089 0.99575 -0.06902 0 -0.73324 -0.00229 -0.67996 0 -0.67723 0.09202 0.72998 0 0.00283 0.37275 -0.00323 1
keyframe: 17 0.06114 0.99574 -0.06893 0 -0.73301 -0.00207 -0.6802 0 -0.67745 0.09212 0.72976 0 0.00283 0.37288 -0.00308 1
keyframe: 18 0.06132 0.99574 -0.06873 0 -0.73251 -0.00187 -0.68075 0 -0.67798 0.09209 0.72928 0 0.00284 0.37301 -0.00294 1
keyframe: 19 0.06148 0.99574 -0.06861 0 -0.73209 -0.00173 -0.6812 0 -0.67842 0.09212 0.72887 0 0.00286 0.37311 -0.00281 1
keyframe: 20 0.06159 0.99573 -0.06865 0 -0.73197 -0.00169 -0.68132 0 -0.67854 0.09222 0.72875 0 0.00286 0.37317 -0.00266 1
keyframe: 21 0.06169 0.99571 -0.06882 0 -0.73213 -0.00171 -0.68116 0 -0.67836 0.0924 0.72889 0 0.00286 0.37322 -0.00249 1
keyframe: 22 0.06176 0.9957 -0.06903 0 -0.7324 -0.00177 -0.68086 0 -0.67805 0.09261 0.72914 0 0.00284 0.37327 -0.00231 1
keyframe: 23 0.06174 0.99568 -0.06923 0 -0.73266 -0.00188 -0.68059 0 -0.67778 0.09274 0.72938 0 0.00282 0.37332 -0.00213 1
keyframe: 24 0.06168 0.99568 -0.06936 0 -0.73278 -0.002 -0.68045 0 -0.67765 0.0928 0.72949 0 0.0028 0.37337 -0.00197 1
keyframe: 25 0.06156 0.99568 -0.06939 0 -0.73273 -0.00212 -0.6805 0 -0.67772 0.09274 0.72944 0 0.00278 0.37341 -0.00183 1
keyframe: 26 0.06145 0.9957 -0.06928 0 -0.73252 -0.00216 -0.68074 0 -0.67796 0.09258 0.72924 0 0.00277 0.37344 -0.00174 1
keyframe: 27 0.0613 0.99572 -0.06906 0 -0.73226 -0.00215 -0.68102 0 -0.67825 0.09232 0.72899 0 0.00275 0.37346 -0.00169 1
keyframe: 28 0.06115 0.99575 -0.06876 0 -0.73205 -0.00208 -0.68123 0 -0.67849 0.092 0.72882 0 0.00273 0.37348 -0.00168 1
keyframe: 29 0.06106 0.99578 -0.06846 0 -0.73192 -0.00196 -0.68138 0 -0.67864 0.09172 0.72871 0 0.00271 0.37348 -0.0017 1
keyframe: 30 0.06097 0.9958 -0.06823 0 -0.73184 -0.00188 -0.68146 0 -0.67873 0.09149 0.72866 0 0.00269 0.37344 -0.00175 1
keyframe: 31 0.06092 0.99581 -0.06813 0 -0.73184 -0.00184 -0.68146 0 -0.67873 0.09137 0.72867 0 0.00268 0.37336 -0.00183 1
keyframe: 32 0.06095 0.99581 -0.06814 0 -0.73201 -0.00181 -0.68128 0 -0.67855 0.0914 0.72883 0 0.00268 0.37325 -0.00194 1
keyframe: 33 0.06102 0.9958 -0.06819 0 -0.73232 -0.00175 -0.68095 0 -0.67821 0.09149 0.72914 0 0.00267 0.37315 -0.00206 1
keyframe: 34 0.0611 0.9958 -0.06816 0 -0.73262 -0.00163 -0.68062 0 -0.67788 0.09153 0.72944 0 0.00264 0.37309 -0.0022 1
keyframe: 35 0.06096 0.99582 -0.06795 0 -0.73271 -0.00157 -0.68053 0 -0.67779 0.09127 0.72956 0 0.00261 0.37308 -0.00233 1
keyframe: 36 0.06066 0.99586 -0.06757 0 -0.7325 -0.00156 -0.68076 0 -0.67805 0.09079 0.72938 0 0.00259 0.37308 -0.00248 1
keyframe: 37 0.06036 0.99591 -0.06719 0 -0.73211 -0.00158 -0.68118 0 -0.6785 0.0903 0.72902 0 0.00258 0.37305 -0.00263 1
keyframe: 38 0.06014 0.99594 -0.06695 0 -0.73182 -0.00161 -0.68148 0 -0.67882 0.08998 0.72876 0 0.00258 0.37297 -0.00279 1
keyframe: 39 0.06001 0.99595 -0.06688 0 -0.73185 -0.00166 -0.68146 0 -0.67881 0.08985 0.72878 0 0.00257 0.37284 -0.00295 1
keyframe: 40 0.0599 0.99595 -0.0669 0 -0.7321 -0.00172 -0.68119 0 -0.67855 0.08978 0.72904 0 0.00255 0.37271 -0.00309 1
keyframe: 41 0.05974 0.99596 -0.0669 0 -0.73231 -0.00181 -0.68096 0 -0.67834 0.08967 0.72925 0 0.00252 0.3726 -0.00321 1
keyframe: 42 0.05947 0.99599 -0.06678 0 -0.73224 -0.00193 -0.68103 0 -0.67844 0.0894 0.72919 0 0.00248 0.37254 -0.00333 1
keyframe: 43 0.05916 0.99602 -0.06656 0 -0.73187 -0.00205 -0.68143 0 -0.67886 0.08903 0.72884 0 0.00244 0.3725 -0.00345 1
keyframe: 44 0.05887 0.99606 -0.06631 0 -0.73137 -0.00216 -0.68196 0 -0.67942 0.08865 0.72836 0 0.00241 0.37246 -0.0036 1
keyframe: 45 0.05864 0.99608 -0.06606 0 -0.73095 -0.00222 -0.68241 0 -0.67989 0.08831 0.72797 0 0.00238 0.37239 -0.00378 1
keyframe: 46 0.05845 0.99611 -0.06582 0 -0.73074 -0.00222 -0.68264 0 -0.68013 0.088 0.72778 0 0.00237 0.3723 -0.00397 1
keyframe: 47 0.05824 0.99614 -0.06558 0 -0.73075 -0.00221 -0.68263 0 -0.68015 0.08768 0.7278 0 0.00235 0.3722 -0.00417 1
keyframe: 48 0.05801 0.99617 -0.06533 0 -0.73091 -0.00219 -0.68246 0 -0.68 0.08734 0.72798 0 0.00233 0.37212 -0.00436 1
keyframe: 49 0.05774 0.9962 -0.06511 0 -0.73112 -0.00221 -0.68224 0 -0.6798 0.087 0.72821 0 0.00232 0.37205 -0.00454 1
keyframe: 50 0.05741 0.99623 -0.0649 0 -0.73126 -0.00229 -0.68209 0 -0.67967 0.08662 0.72838 0 0.00232 0.372 -0.00468 1
keyframe: 51 0.05706 0.99627 -0.0647 0 -0.73123 -0.00241 -0.68211 0 -0.67973 0.08623 0.72837 0 0.00233 0.37194 -0.00479 1
keyframe: 52 0.05684 0.99629 -0.0645 0 -0.73102 -0.00246 -0.68234 0 -0.67997 0.08593 0.72818 0 0.00235 0.37188 -0.00487 1
keyframe: 53 0.05671 0.99631 -0.0643 0 -0.73071 -0.00246 -0.68267 0 -0.68032 0.08571 0.72788 0 0.00237 0.37183 -0.00493 1
keyframe: 54 0.05661 0.99633 -0.06413 0 -0.73042 -0.00246 -0.68298 0 -0.68064 0.08551 0.7276 0 0.00239 0.37177 -0.00497 1
keyframe: 55 0.05649 0.99635 -0.06397 0 -0.73026 -0.00246 -0.68315 0 -0.68082 0.08531 0.72746 0 0.0024 0.37173 -0.00501 1
keyframe: 56 0.05631 0.99637 -0.06379 0 -0.73027 -0.00245 -0.68314 0 -0.68082 0.08506 0.72749 0 0.0024 0.37171 -0.00505 1
keyframe: 57 0.05608 0.9964 -0.06356 0 -0.7304 -0.00245 -0.68301 0 -0.68071 0.08473 0.72763 0 0.00239 0.37169 -0.0051 1
keyframe: 58 0.05582 0.99643 -0.0633 0 -0.73049 -0.00245 -0.68291 0 -0.68063 0.08436 0.72775 0 0.00239 0.37168 -0.00514 1
keyframe: 59 0.0557 0.99644 -0.06317 0 -0.73049 -0.00245 -0.68291 0 -0.68064 0.08418 0.72776 0 0.0024 0.37167 -0.00517 1

#Bone: spine 
globalBindposeInverse: 0 -1 0 0 0.99999 0 0 0 0 0 0.99999 0 -0.46025 0.00205 -0.00115 1
keyframe: 0 -0.02801 0.99598 0.08505 0 -0.81507 0.02649 -0.57875 0 -0.57867 -0.08554 0.81105 0 0.00573 0.43123 -0.00894 1
keyframe: 1 -0.02779 0.99601 0.08473 0 -0.81481 0.02653 -0.57911 0 -0.57905 -0.08513 0.81083 0 0.00579 0.43127 -0.009 1
keyframe: 2 -0.02754 0.99605 0.08435 0 -0.81463 0.02654 -0.57937 0 -0.57932 -0.08467 0.81068 0 0.00586 0.43131 -0.00903 1
keyframe: 3 -0.02709 0.9961 0.08393 0 -0.81457 0.02666 -0.57944 0 -0.57942 -0.08407 0.81067 0 0.00593 0.43135 -0.00904 1
keyframe: 4 -0.02655 0.99615 0.08343 0 -0.81468 0.0268 -0.57928 0 -0.57929 -0.08336 0.81084 0 0.00599 0.43139 -0.00901 1
keyframe: 5 -0.02599 0.99623 0.08268 0 -0.81485 0.02679 -0.57905 0 -0.57908 -0.08243 0.81108 0 0.00604 0.43144 -0.00895 1
keyframe: 6 -0.02537 0.99633 0.0817 0 -0.81506 0.0267 -0.57875 0 -0.57881 -0.08127 0.81139 0 0.00607 0.43149 -0.00886 1
keyframe: 7 -0.02465 0.99644 0.08057 0 -0.8153 0.02659 -0.57842 0 -0.57851 -0.07995 0.81174 0 0.0061 0.43155 -0.00876 1
keyframe: 8 -0.02397 0.99654 0.07946 0 -0.81549 0.02647 -0.57815 0 -0.57826 -0.07866 0.81204 0 0.00611 0.43164 -0.00862 1
keyframe: 9 -0.02336 0.99664 0.07846 0 -0.81559 0.02638 -0.57801 0 -0.57814 -0.07749 0.81224 0 0.00612 0.43175 -0.00846 1
keyframe: 10 -0.02279 0.99672 0.07752 0 -0.81558 0.02631 -0.57803 0 -0.57818 -0.0764 0.81232 0 0.00614 0.43186 -0.00827 1
keyframe: 11 -0.0222 0.99681 0.07653 0 -0.8155 0.02622 -0.57815 0 -0.57832 -0.07525 0.81232 0 0.00619 0.43195 -0.00808 1
keyframe: 12 -0.02156 0.99692 0.07538 0 -0.81545 0.02608 -0.57823 0 -0.57842 -0.07394 0.81237 0 0.00627 0.432 -0.00791 1
keyframe: 13 -0.02089 0.99703 0.07408 0 -0.81555 0.02586 -0.5781 0 -0.5783 -0.0725 0.81259 0 0.00636 0.43203 -0.00777 1
keyframe: 14 -0.02013 0.99714 0.07273 0 -0.81583 0.02566 -0.57771 0 -0.57793 -0.07097 0.81299 0 0.00642 0.43207 -0.00764 1
keyframe: 15 -0.01933 0.99725 0.07151 0 -0.81617 0.02557 -0.57723 0 -0.57747 -0.06952 0.81343 0 0.00645 0.43215 -0.0075 1
keyframe: 16 -0.01859 0.99733 0.07056 0 -0.81634 0.0256 -0.57699 0 -0.57725 -0.06833 0.81369 0 0.00647 0.43227 -0.00735 1
keyframe: 17 -0.01801 0.99739 0.0699 0 -0.81622 0.0257 -0.57715 0 -0.57745 -0.06745 0.81363 0 0.00649 0.4324 -0.0072 1
keyframe: 18 -0.01755 0.99743 0.06939 0 -0.8159 0.02582 -0.5776 0 -0.57791 -0.06675 0.81336 0 0.00651 0.43253 -0.00705 1
keyframe: 19 -0.01714 0.99747 0.06888 0 -0.81561 0.02589 -0.578 0 -0.57833 -0.06609 0.81311 0 0.00653 0.43263 -0.00691 1
keyframe: 20 -0.0168 0.99752 0.06828 0 -0.81551 0.02584 -0.57816 0 -0.57849 -0.0654 0.81305 0 0.00654 0.43269 -0.00676 1
keyframe: 21 -0.01642 0.99757 0.06763 0 -0.81558 0.02576 -0.57806 0 -0.5784 -0.06465 0.81318 0 0.00654 0.43274 -0.0066 1
keyframe: 22 -0.01602 0.99762 0.06697 0 -0.81576 0.02568 -0.57781 0 -0.57816 -0.06389 0.81341 0 0.00653 0.43279 -0.00644 1
keyframe: 23 -0.01572 0.99767 0.06637 0 -0.81595 0.02556 -0.57754 0 -0.57789 -0.06323 0.81365 0 0.00651 0.43284 -0.00627 1
keyframe: 24 -0.01553 0.9977 0.0659 0 -0.81607 0.02543 -0.57738 0 -0.57773 -0.06275 0.81381 0 0.00649 0.43289 -0.00611 1
keyframe: 25 -0.01548 0.99772 0.06564 0 -0.81607 0.02532 -0.57739 0 -0.57773 -0.06251 0.81382 0 0.00646 0.43293 -0.00598 1
keyframe: 26 -0.01554 0.99771 0.06569 0 -0.81593 0.02531 -0.57758 0 -0.57793 -0.06258 0.81368 0 0.00644 0.43296 -0.00588 1
keyframe: 27 -0.01575 0.99769 0.06606 0 -0.81575 0.02538 -0.57783 0 -0.57817 -0.06299 0.81347 0 0.00641 0.43298 -0.00582 1
keyframe: 28 -0.01604 0.99764 0.06669 0 -0.81562 0.02552 -0.57801 0 -0.57835 -0.06367 0.81329 0 0.00638 0.433 -0.00579 1
keyframe: 29 -0.0163 0.99759 0.06739 0 -0.81555 0.02572 -0.5781 0 -0.57844 -0.06439 0.81317 0 0.00636 0.433 -0.00579 1
keyframe: 30 -0.01659 0.99754 0.06806 0 -0.81552 0.02587 -0.57814 0 -0.57848 -0.0651 0.81309 0 0.00634 0.43296 -0.00583 1
keyframe: 31 -0.01691 0.99749 0.06867 0 -0.81553 0.02597 -0.57812 0 -0.57846 -0.06578 0.81305 0 0.00633 0.43288 -0.0059 1
keyframe: 32 -0.01723 0.99744 0.06927 0 -0.81563 0.02605 -0.57797 0 -0.57831 -0.06646 0.8131 0 0.00632 0.43277 -0.00601 1
keyframe: 33 -0.0175 0.9974 0.06987 0 -0.81583 0.02615 -0.57768 0 -0.57801 -0.06711 0.81326 0 0.00631 0.43267 -0.00614 1
keyframe: 34 -0.01769 0.99735 0.07049 0 -0.81606 0.02633 -0.57736 0 -0.57769 -0.06774 0.81343 0 0.0063 0.43261 -0.00627 1
keyframe: 35 -0.01806 0.99729 0.07124 0 -0.81616 0.02644 -0.5772 0 -0.57753 -0.06857 0.81348 0 0.00626 0.4326 -0.0064 1
keyframe: 36 -0.01861 0.99722 0.07209 0 -0.81606 0.02651 -0.57735 0 -0.57766 -0.06958 0.8133 0 0.00621 0.43261 -0.00652 1
keyframe: 37 -0.01921 0.99714 0.07296 0 -0.8158 0.02655 -0.57771 0 -0.578 -0.07062 0.81296 0 0.00619 0.43258 -0.00665 1
keyframe: 38 -0.01979 0.99708 0.07372 0 -0.81558 0.02654 -0.57802 0 -0.57829 -0.07157 0.81267 0 0.00617 0.4325 -0.0068 1
keyframe: 39 -0.02031 0.99702 0.07432 0 -0.81557 0.02647 -0.57805 0 -0.57829 -0.07236 0.8126 0 0.00616 0.43238 -0.00695 1
keyframe: 40 -0.02071 0.99697 0.07484 0 -0.81573 0.02643 -0.57781 0 -0.57805 -0.07302 0.81272 0 0.00613 0.43224 -0.00709 1
keyframe: 41 -0.02106 0.99693 0.07533 0 -0.8159 0.0264 -0.57758 0 -0.5778 -0.07362 0.81284 0 0.00609 0.43214 -0.00721 1
keyframe: 42 -0.02148 0.99688 0.07587 0 -0.81589 0.02637 -0.5776 0 -0.5778 -0.07431 0.81278 0 0.00603 0.43208 -0.00732 1
keyframe: 43 -0.02199 0.99682 0.0765 0 -0.81568 0.02635 -0.5779 0 -0.57808 -0.07511 0.81251 0 0.00597 0.43204 -0.00743 1
keyframe: 44 -0.02253 0.99676 0.07718 0 -0.81538 0.02635 -0.57832 0 -0.57848 -0.07596 0.81214 0 0.00592 0.43199 -0.00756 1
keyframe: 45 -0.02302 0.99669 0.0779 0 -0.81514 0.02639 -0.57865 0 -0.57879 -0.07682 0.81184 0 0.00589 0.43193 -0.00772 1
keyframe: 46 -0.02347 0.99662 0.07863 0 -0.81504 0.02647 -0.57878 0 -0.57891 -0.07767 0.81167 0 0.00586 0.43184 -0.0079 1
keyframe: 47 -0.0239 0.99655 0.07937 0 -0.81509 0.02653 -0.57872 0 -0.57883 -0.07853 0.81165 0 0.00583 0.43175 -0.00809 1
keyframe: 48 -0.02434 0.99648 0.0801 0 -0.81523 0.02658 -0.57851 0 -0.57861 -0.07939 0.81172 0 0.0058 0.43166 -0.00827 1
keyframe: 49 -0.02479 0.99642 0.08079 0 -0.81542 0.02659 -0.57825 0 -0.57833 -0.08022 0.81184 0 0.00577 0.4316 -0.00843 1
keyframe: 50 -0.02531 0.99635 0.08142 0 -0.81555 0.02652 -0.57806 0 -0.57812 -0.08104 0.81191 0 0.00575 0.43155 -0.00856 1
keyframe: 51 -0.02587 0.99629 0.08199 0 -0.81555 0.02639 -0.57807 0 -0.57809 -0.08183 0.81185 0 0.00574 0.43149 -0.00866 1
keyframe: 52 -0.02633 0.99624 0.08248 0 -0.81542 0.02632 -0.57825 0 -0.57825 -0.08248 0.81167 0 0.00575 0.43144 -0.00873 1
keyframe: 53 -0.02669 0.99619 0.0829 0 -0.81521 0.0263 -0.57855 0 -0.57853 -0.08302 0.81141 0 0.00576 0.43138 -0.00877 1
keyframe: 54 -0.02701 0.99616 0.08327 0 -0.81501 0.02628 -0.57884 0 -0.57881 -0.0835 0.81117 0 0.00578 0.43133 -0.0088 1
keyframe: 55 -0.02728 0.99612 0.08364 0 -0.81489 0.02629 -0.57901 0 -0.57897 -0.08395 0.81101 0 0.00577 0.43129 -0.00884 1
keyframe: 56 -0.02753 0.99608 0.08402 0 -0.81489 0.02631 -0.579 0 -0.57894 -0.08441 0.81098 0 0.00576 0.43127 -0.00887 1
keyframe: 57 -0.0278 0.99604 0.08443 0 -0.815 0.02631 -0.57885 0 -0.57878 -0.08491 0.81104 0 0.00574 0.43125 -0.0089 1
keyframe: 58 -0.02811 0.99599 0.08484 0 -0.81508 0.02628 -0.57874 0 -0.57865 -0.08542 0.81108 0 0.00573 0.43124 -0.00893 1
keyframe: 59 -0.02827 0.99597 0.08503 0 -0.81509 0.02627 -0.57873 0 -0.57864 -0.08566 0.81106 0 0.00573 0.43123 -0.00894 1

#Bone: upper 
globalBindposeInverse: 0 -1 0 0 0.99999 0 0 0 0 0 0.99999 0 -0.58494 0.00205 -0.00115 1
keyframe: 0 -0.12618 0.90881 0.39765 0 -0.94228 0.01551 -0.33446 0 -0.31013 -0.4169 0.8544 0 0.00224 0.55543 0.00165 1
keyframe: 1 -0.12607 0.90904 0.39716 0 -0.94213 0.01564 -0.33488 0 -0.31063 -0.4164 0.85446 0 0.00233 0.55547 0.00156 1
keyframe: 2 -0.12586 0.90938 0.39645 0 -0.94202 0.01574 -0.33518 0 -0.31105 -0.41566 0.85467 0 0.00243 0.55551 0.00148 1
keyframe: 3 -0.12543 0.90984 0.39554 0 -0.94192 0.01597 -0.33543 0 -0.31151 -0.41464 0.855 0 0.00255 0.55555 0.00142 1
keyframe: 4 -0.12484 0.91043 0.39436 0 -0.94184 0.01623 -0.33565 0 -0.31198 -0.41333 0.85546 0 0.00268 0.55561 0.00139 1
keyframe: 5 -0.12441 0.9112 0.39271 0 -0.94162 0.01635 -0.33626 0 -0.31282 -0.41162 0.85598 0 0.0028 0.55566 0.00135 1
keyframe: 6 -0.12383 0.91212 0.39074 0 -0.94142 0.01646 -0.3368 0 -0.31364 -0.40957 0.85666 0 0.00291 0.55573 0.00131 1
keyframe: 7 -0.12295 0.91317 0.38857 0 -0.94137 0.01662 -0.33694 0 -0.31415 -0.40722 0.85759 0 0.00302 0.55581 0.00128 1
keyframe: 8 -0.12191 0.91427 0.38631 0 -0.94143 0.01676 -0.33677 0 -0.31437 -0.40474 0.85868 0 0.00312 0.55591 0.00127 1
keyframe: 9 -0.12077 0.9154 0.38398 0 -0.94154 0.0169 -0.33646 0 -0.31449 -0.40217 0.85985 0 0.0032 0.55603 0.00132 1
keyframe: 10 -0.11966 0.91653 0.38163 0 -0.94164 0.01703 -0.33618 0 -0.31463 -0.39959 0.861 0 0.0033 0.55615 0.00139 1
keyframe: 11 -0.11864 0.91763 0.37929 0 -0.9417 0.01712 -0.33601 0 -0.31483 -0.39704 0.8621 0 0.00342 0.55625 0.00146 1
keyframe: 12 -0.11773 0.91873 0.37691 0 -0.94172 0.01714 -0.33594 0 -0.3151 -0.3945 0.86317 0 0.00358 0.55631 0.00148 1
keyframe: 13 -0.11689 0.91985 0.37443 0 -0.94171 0.01709 -0.33597 0 -0.31545 -0.39188 0.86424 0 0.00375 0.55636 0.00146 1
keyframe: 14 -0.116 0.92101 0.37186 0 -0.94166 0.0171 -0.33611 0 -0.31592 -0.38915 0.8653 0 0.00391 0.55641 0.00142 1
keyframe: 15 -0.11498 0.92216 0.36931 0 -0.94165 0.0172 -0.33613 0 -0.31632 -0.38641 0.86638 0 0.00404 0.5565 0.00141 1
keyframe: 16 -0.11395 0.92324 0.36693 0 -0.94167 0.01733 -0.33606 0 -0.31663 -0.38382 0.86742 0 0.00415 0.55663 0.00143 1
keyframe: 17 -0.11304 0.92418 0.36484 0 -0.94167 0.01748 -0.33608 0 -0.31698 -0.38155 0.86829 0 0.00424 0.55677 0.00151 1
keyframe: 18 -0.1123 0.925 0.36298 0 -0.94159 0.01764 -0.33627 0 -0.31746 -0.37954 0.86899 0 0.00432 0.55691 0.00159 1
keyframe: 19 -0.1117 0.92573 0.36128 0 -0.94149 0.01774 -0.33656 0 -0.31798 -0.37774 0.86959 0 0.00439 0.55701 0.00167 1
keyframe: 20 -0.11117 0.92644 0.35963 0 -0.9414 0.01778 -0.33681 0 -0.31843 -0.376 0.87018 0 0.00445 0.55708 0.00174 1
keyframe: 21 -0.11053 0.92714 0.35801 0 -0.94136 0.01786 -0.33691 0 -0.31876 -0.37426 0.87081 0 0.0045 0.55713 0.00182 1
keyframe: 22 -0.10979 0.92784 0.35644 0 -0.9414 0.01799 -0.3368 0 -0.31891 -0.37254 0.87149 0 0.00454 0.55719 0.0019 1
keyframe: 23 -0.10909 0.92846 0.35503 0 -0.94149 0.01806 -0.33655 0 -0.31888 -0.37097 0.87217 0 0.00455 0.55724 0.002 1
keyframe: 24 -0.10856 0.92896 0.35389 0 -0.94157 0.01808 -0.33632 0 -0.31883 -0.36973 0.87272 0 0.00455 0.5573 0.0021 1
keyframe: 25 -0.10828 0.92926 0.35318 0 -0.94161 0.01806 -0.33621 0 -0.31881 -0.36897 0.87304 0 0.00453 0.55734 0.0022 1
keyframe: 26 -0.10823 0.9293 0.3531 0 -0.94158 0.0181 -0.33628 0 -0.3189 -0.36887 0.87305 0 0.0045 0.55737 0.0023 1
keyframe: 27 -0.10845 0.92902 0.35376 0 -0.94153 0.01818 -0.33641 0 -0.31897 -0.36956 0.87274 0 0.00445 0.55739 0.00241 1
keyframe: 28 -0.10883 0.92851 0.35499 0 -0.94151 0.01827 -0.33646 0 -0.3189 -0.37085 0.87222 0 0.00438 0.5574 0.00252 1
keyframe: 29 -0.1092 0.9279 0.35646 0 -0.94153 0.01842 -0.3364 0 -0.31871 -0.37236 0.87164 0 0.00432 0.55739 0.0026 1
keyframe: 30 -0.10964 0.92727 0.35796 0 -0.94157 0.01849 -0.33629 0 -0.31845 -0.37392 0.87107 0 0.00427 0.55735 0.00265 1
keyframe: 31 -0.11022 0.92659 0.35955 0 -0.94159 0.01846 -0.33623 0 -0.31818 -0.37561 0.87044 0 0.00422 0.55726 0.00265 1
keyframe: 32 -0.11093 0.92581 0.36133 0 -0.94162 0.01837 -0.33616 0 -0.31786 -0.37753 0.86972 0 0.00417 0.55715 0.00262 1
keyframe: 33 -0.11159 0.92501 0.36317 0 -0.94168 0.01831 -0.33599 0 -0.31745 -0.37949 0.86902 0 0.00413 0.55705 0.00256 1
keyframe: 34 -0.11207 0.92425 0.36495 0 -0.94178 0.01835 -0.3357 0 -0.31697 -0.38133 0.86839 0 0.00409 0.55698 0.00251 1
keyframe: 35 -0.1126 0.9235 0.36669 0 -0.94189 0.01832 -0.33541 0 -0.31647 -0.38315 0.86777 0 0.00401 0.55696 0.00248 1
keyframe: 36 -0.11331 0.9227 0.36847 0 -0.94193 0.01822 -0.3353 0 -0.3161 -0.38507 0.86706 0 0.00389 0.55695 0.00246 1
keyframe: 37 -0.11418 0.92188 0.37026 0 -0.94187 0.01808 -0.33548 0 -0.31597 -0.38705 0.86622 0 0.00379 0.55692 0.00244 1
keyframe: 38 -0.11517 0.92103 0.37205 0 -0.94177 0.01786 -0.33578 0 -0.31591 -0.38906 0.86534 0 0.0037 0.55683 0.00239 1
keyframe: 39 -0.11618 0.92023 0.37372 0 -0.94172 0.01753 -0.33592 0 -0.31568 -0.39097 0.86457 0 0.00362 0.5567 0.00231 1
keyframe: 40 -0.11688 0.91951 0.37527 0 -0.94177 0.01733 -0.3358 0 -0.31528 -0.39267 0.86394 0 0.00355 0.55656 0.00223 1
keyframe: 41 -0.11736 0.91888 0.37666 0 -0.94186 0.01725 -0.33555 0 -0.31483 -0.39414 0.86344 0 0.00346 0.55645 0.00217 1
keyframe: 42 -0.11783 0.91827 0.378 0 -0.94192 0.01718 -0.33537 0 -0.31446 -0.39556 0.86292 0 0.00335 0.55638 0.00213 1
keyframe: 43 -0.11842 0.91762 0.3794 0 -0.94193 0.0171 -0.33537 0 -0.31423 -0.39709 0.8623 0 0.00323 0.55634 0.0021 1
keyframe: 44 -0.11908 0.91689 0.38095 0 -0.94191 0.01702 -0.33542 0 -0.31403 -0.39877 0.8616 0 0.00312 0.55629 0.00205 1
keyframe: 45 -0.11973 0.91613 0.38258 0 -0.94192 0.01695 -0.33538 0 -0.31373 -0.40052 0.8609 0 0.00302 0.55621 0.00198 1
keyframe: 46 -0.12036 0.91534 0.38425 0 -0.94197 0.01687 -0.33526 0 -0.31336 -0.40231 0.8602 0 0.00293 0.55612 0.00189 1
keyframe: 47 -0.12094 0.91456 0.38593 0 -0.94205 0.0168 -0.33503 0 -0.31289 -0.40408 0.85953 0 0.00285 0.55601 0.0018 1
keyframe: 48 -0.12149 0.91379 0.38756 0 -0.94216 0.0167 -0.33473 0 -0.31235 -0.40582 0.85892 0 0.00277 0.55592 0.00171 1
keyframe: 49 -0.12204 0.91307 0.3891 0 -0.94228 0.01655 -0.33439 0 -0.31177 -0.40746 0.85835 0 0.00268 0.55585 0.00164 1
keyframe: 50 -0.12267 0.91238 0.39051 0 -0.94237 0.01631 -0.33416 0 -0.31125 -0.409 0.8578 0 0.00259 0.55579 0.00158 1
keyframe: 51 -0.12341 0.91174 0.39177 0 -0.94239 0.016 -0.3341 0 -0.31089 -0.41043 0.85725 0 0.00251 0.55573 0.00155 1
keyframe: 52 -0.1241 0.91119 0.39284 0 -0.94237 0.01572 -0.33418 0 -0.31068 -0.41167 0.85673 0 0.00246 0.55566 0.00155 1
keyframe: 53 -0.12475 0.91072 0.39371 0 -0.9423 0.01547 -0.33438 0 -0.31062 -0.41271 0.85625 0 0.00244 0.5556 0.00155 1
keyframe: 54 -0.12534 0.91031 0.39448 0 -0.94223 0.01526 -0.3346 0 -0.31061 -0.41364 0.85581 0 0.00241 0.55555 0.00157 1
keyframe: 55 -0.12576 0.90991 0.39526 0 -0.94217 0.01519 -0.33476 0 -0.31061 -0.41451 0.85539 0 0.00237 0.5555 0.00158 1
keyframe: 56 -0.12606 0.90955 0.396 0 -0.94218 0.01515 -0.33475 0 -0.31047 -0.41531 0.85505 0 0.00233 0.55547 0.0016 1
keyframe: 57 -0.1263 0.90921 0.39671 0 -0.94224 0.01509 -0.33458 0 -0.3102 -0.41605 0.85479 0 0.00228 0.55545 0.00162 1
keyframe: 58 -0.12662 0.90888 0.39736 0 -0.94229 0.01495 -0.33445 0 -0.30991 -0.41678 0.85453 0 0.00222 0.55543 0.00164 1
keyframe: 59 -0.12679 0.90873 0.39765 0 -0.94229 0.01487 -0.33445 0 -0.30984 -0.41711 0.8544 0 0.0022 0.55543 0.00165 1

#Bone: head 
globalBindposeInverse: 0 -1 0 0 0.99999 0 0 0 0 0 0.99999 0 -0.63789 0.00205 -0.00115 1
keyframe: 0 -0.10571 0.9376 0.33122 0 -0.93456 0.02011 -0.35522 0 -0.33972 -0.3471 0.87412 0 -0.00444 0.60355 0.02271 1
keyframe: 1 -0.1057 0.93758 0.33129 0 -0.93441 0.0203 -0.35561 0 -0.34014 -0.34715 0.87394 0 -0.00434 0.6036 0.02259 1
keyframe: 2 -0.10562 0.93747 0.33162 0 -0.93432 0.0206 -0.35582 0 -0.34041 -0.34743 0.87373 0 -0.00423 0.60366 0.02247 1
keyframe: 3 -0.10556 0.93723 0.33232 0 -0.93424 0.02101 -0.35601 0 -0.34065 -0.34805 0.87339 0 -0.00408 0.60373 0.02236 1
keyframe: 4 -0.10583 0.93685 0.33333 0 -0.93415 0.02121 -0.35623 0 -0.34081 -0.34908 0.87291 0 -0.00392 0.60381 0.02227 1
keyframe: 5 -0.10651 0.93638 0.33443 0 -0.93394 0.02119 -0.35678 0 -0.34117 -0.35034 0.87227 0 -0.00378 0.60391 0.02215 1
keyframe: 6 -0.10718 0.93588 0.3356 0 -0.93377 0.02116 -0.35724 0 -0.34144 -0.35167 0.87163 0 -0.00364 0.60402 0.022 1
keyframe: 7 -0.1074 0.93545 0.33672 0 -0.93374 0.0214 -0.3573 0 -0.34145 -0.35279 0.87117 0 -0.00348 0.60416 0.02185 1
keyframe: 8 -0.10714 0.93515 0.33764 0 -0.93386 0.02188 -0.35695 0 -0.3412 -0.35356 0.87096 0 -0.00333 0.60432 0.02173 1
keyframe: 9 -0.10671 0.93497 0.33827 0 -0.93403 0.02237 -0.35647 0 -0.34086 -0.354 0.87091 0 -0.00318 0.6045 0.02165 1
keyframe: 10 -0.10668 0.93481 0.33871 0 -0.93413 0.02245 -0.3562 0 -0.34059 -0.35441 0.87085 0 -0.00303 0.60468 0.0216 1
keyframe: 11 -0.10727 0.93458 0.33917 0 -0.93414 0.02204 -0.3562 0 -0.34038 -0.35505 0.87067 0 -0.00285 0.60484 0.02154 1
keyframe: 12 -0.10808 0.93429 0.33971 0 -0.9341 0.0215 -0.35633 0 -0.34023 -0.35584 0.87041 0 -0.00264 0.60496 0.02144 1
keyframe: 13 -0.10855 0.93402 0.34031 0 -0.93409 0.02129 -0.3564 0 -0.34013 -0.35657 0.87015 0 -0.00243 0.60506 0.02128 1
keyframe: 14 -0.10844 0.93382 0.34088 0 -0.93409 0.02161 -0.35636 0 -0.34015 -0.35706 0.86994 0 -0.00222 0.60518 0.02111 1
keyframe: 15 -0.10793 0.93375 0.34125 0 -0.93416 0.02217 -0.35614 0 -0.34012 -0.35722 0.86988 0 -0.00204 0.60533 0.02096 1
keyframe: 16 -0.10728 0.93388 0.34109 0 -0.93426 0.02265 -0.35587 0 -0.34007 -0.35685 0.87006 0 -0.00187 0.60551 0.02086 1
keyframe: 17 -0.10654 0.9343 0.34016 0 -0.93429 0.02298 -0.35575 0 -0.34019 -0.35571 0.87047 0 -0.00174 0.60571 0.02082 1
keyframe: 18 -0.10571 0.93502 0.33846 0 -0.93425 0.02318 -0.35586 0 -0.34058 -0.35382 0.87109 0 -0.00162 0.60588 0.02081 1
keyframe: 19 -0.10493 0.93586 0.33638 0 -0.93416 0.02324 -0.35608 0 -0.34106 -0.3516 0.8718 0 -0.00151 0.60602 0.0208 1
keyframe: 20 -0.10429 0.93665 0.33437 0 -0.93409 0.02317 -0.35626 0 -0.34144 -0.34949 0.8725 0 -0.00143 0.60613 0.02079 1
keyframe: 21 -0.10374 0.9373 0.33271 0 -0.93407 0.0231 -0.35633 0 -0.34168 -0.34774 0.87311 0 -0.00135 0.60623 0.02078 1
keyframe: 22 -0.10321 0.93785 0.33132 0 -0.9341 0.02305 -0.35626 0 -0.34175 -0.34626 0.87367 0 -0.00127 0.60632 0.02078 1
keyframe: 23 -0.10264 0.93836 0.33004 0 -0.93419 0.02302 -0.35601 0 -0.34167 -0.34486 0.87425 0 -0.00121 0.60641 0.02079 1
keyframe: 24 -0.10205 0.93891 0.32867 0 -0.93428 0.023 -0.35579 0 -0.34162 -0.34338 0.87486 0 -0.00119 0.60649 0.02083 1
keyframe: 25 -0.1015 0.93946 0.32727 0 -0.93432 0.02295 -0.35568 0 -0.34166 -0.34188 0.87542 0 -0.00119 0.60655 0.0209 1
keyframe: 26 -0.10113 0.93989 0.32613 0 -0.93428 0.02292 -0.35577 0 -0.34187 -0.34068 0.87581 0 -0.00122 0.60658 0.021 1
keyframe: 27 -0.10108 0.94007 0.32563 0 -0.93421 0.02285 -0.35596 0 -0.34207 -0.3402 0.87592 0 -0.00128 0.60658 0.02114 1
keyframe: 28 -0.10131 0.93998 0.32583 0 -0.93416 0.02275 -0.3561 0 -0.34214 -0.34046 0.87579 0 -0.00137 0.60657 0.02131 1
keyframe: 29 -0.10156 0.93973 0.32645 0 -0.93416 0.02274 -0.35611 0 -0.34207 -0.34113 0.87556 0 -0.00145 0.60653 0.02148 1
keyframe: 30 -0.10179 0.93944 0.32723 0 -0.93419 0.02278 -0.35602 0 -0.34192 -0.34194 0.8753 0 -0.00153 0.60645 0.02161 1
keyframe: 31 -0.10197 0.93909 0.32818 0 -0.93423 0.02293 -0.35592 0 -0.34177 -0.34289 0.87499 0 -0.00161 0.60633 0.02169 1
keyframe: 32 -0.10213 0.93866 0.32935 0 -0.93429 0.02316 -0.35576 0 -0.34157 -0.34405 0.87461 0 -0.00169 0.60617 0.02175 1
keyframe: 33 -0.1023 0.93822 0.33054 0 -0.93437 0.02336 -0.35551 0 -0.34128 -0.34522 0.87426 0 -0.00177 0.60603 0.02179 1
keyframe: 34 -0.10251 0.93787 0.33147 0 -0.93448 0.02341 -0.35523 0 -0.34093 -0.34617 0.87403 0 -0.00183 0.60592 0.02183 1
keyframe: 35 -0.10288 0.93765 0.33199 0 -0.93456 0.02315 -0.35502 0 -0.34058 -0.3468 0.87391 0 -0.00195 0.60586 0.02189 1
keyframe: 36 -0.10323 0.93759 0.33205 0 -0.93459 0.02281 -0.35498 0 -0.3404 -0.34698 0.87391 0 -0.0021 0.60581 0.02198 1
keyframe: 37 -0.10333 0.93771 0.33168 0 -0.93456 0.02259 -0.35506 0 -0.34044 -0.34667 0.87402 0 -0.00225 0.60573 0.02205 1
keyframe: 38 -0.10337 0.93791 0.33111 0 -0.93454 0.02237 -0.35512 0 -0.34048 -0.34615 0.87421 0 -0.00239 0.6056 0.02209 1
keyframe: 39 -0.10356 0.93804 0.33066 0 -0.93456 0.022 -0.35511 0 -0.34038 -0.3458 0.87438 0 -0.00252 0.60543 0.0221 1
keyframe: 40 -0.10386 0.93803 0.33061 0 -0.93458 0.02166 -0.35507 0 -0.34022 -0.34587 0.87442 0 -0.00263 0.60525 0.0221 1
keyframe: 41 -0.10424 0.93791 0.33084 0 -0.93457 0.02139 -0.35513 0 -0.34016 -0.34621 0.87431 0 -0.00274 0.60511 0.02212 1
keyframe: 42 -0.1046 0.93778 0.33108 0 -0.9345 0.0212 -0.35532 0 -0.34023 -0.34656 0.87414 0 -0.00288 0.605 0.02215 1
keyframe: 43 -0.10479 0.93774 0.33113 0 -0.93442 0.02112 -0.35554 0 -0.3404 -0.34668 0.87403 0 -0.00303 0.60492 0.02219 1
keyframe: 44 -0.10469 0.93777 0.33108 0 -0.93439 0.02123 -0.3556 0 -0.3405 -0.34659 0.87403 0 -0.00318 0.60484 0.02222 1
keyframe: 45 -0.10438 0.93781 0.33106 0 -0.93444 0.02147 -0.35546 0 -0.34046 -0.34646 0.87409 0 -0.00331 0.60472 0.02224 1
keyframe: 46 -0.10414 0.93778 0.33123 0 -0.93452 0.02169 -0.35523 0 -0.34031 -0.34654 0.87412 0 -0.00343 0.60458 0.02224 1
keyframe: 47 -0.10409 0.93765 0.3316 0 -0.93463 0.02176 -0.35495 0 -0.34004 -0.34688 0.87409 0 -0.00354 0.60444 0.02223 1
keyframe: 48 -0.1042 0.93748 0.33206 0 -0.93475 0.0217 -0.35463 0 -0.33966 -0.34735 0.87405 0 -0.00366 0.60431 0.02223 1
keyframe: 49 -0.10432 0.93734 0.3324 0 -0.93488 0.02158 -0.35428 0 -0.33926 -0.34772 0.87406 0 -0.00377 0.60419 0.02224 1
keyframe: 50 -0.10442 0.9373 0.3325 0 -0.93499 0.02142 -0.35401 0 -0.33894 -0.34785 0.87413 0 -0.00389 0.6041 0.02226 1
keyframe: 51 -0.10441 0.93734 0.33237 0 -0.93504 0.02132 -0.35388 0 -0.3388 -0.34774 0.87423 0 -0.00401 0.604 0.0223 1
keyframe: 52 -0.10435 0.93746 0.33205 0 -0.93504 0.02126 -0.35389 0 -0.33882 -0.34742 0.87435 0 -0.0041 0.60391 0.02235 1
keyframe: 53 -0.10448 0.93759 0.33165 0 -0.93496 0.02106 -0.35411 0 -0.339 -0.34708 0.87441 0 -0.00416 0.60382 0.0224 1
keyframe: 54 -0.1049 0.93765 0.33135 0 -0.93483 0.02067 -0.35448 0 -0.33923 -0.34694 0.87438 0 -0.00422 0.60375 0.02246 1
keyframe: 55 -0.10541 0.93762 0.33127 0 -0.93467 0.02031 -0.35491 0 -0.33951 -0.34704 0.87423 0 -0.00428 0.60368 0.02251 1
keyframe: 56 -0.10583 0.93756 0.33131 0 -0.93455 0.02004 -0.35525 0 -0.33971 -0.34723 0.87408 0 -0.00434 0.60363 0.02257 1
keyframe: 57 -0.1061 0.93752 0.33133 0 -0.93454 0.01979 -0.35529 0 -0.33965 -0.34734 0.87406 0 -0.0044 0.60359 0.02263 1
keyframe: 58 -0.10632 0.93752 0.33127 0 -0.9346 0.01949 -0.35514 0 -0.33941 -0.34737 0.87414 0 -0.00447 0.60356 0.02268 1
keyframe: 59 -0.10637 0.93754 0.33121 0 -0.93462 0.01941 -0.3551 0 -0.33935 -0.34733 0.87418 0 -0.0045 0.60354 0.02271 1

#Bone: L_arm 
globalBindposeInverse: 0.99983 0.01801 0 0 -0.01801 0.99983 0 0 0 0 1 0 -0.0589 -0.58577 -0.00115 1
keyframe: 0 0.41304 -0.90595 -0.09295 0 0.87258 0.36446 0.32522 0 -0.26075 -0.21544 0.94105 0 0.06578 0.55408 0.02406 1
keyframe: 1 0.41296 -0.90607 -0.09209 0 0.8723 0.36443 0.32598 0 -0.2618 -0.21495 0.94087 0 0.06586 0.55411 0.024 1
keyframe: 2 0.41289 -0.90621 -0.09105 0 0.8721 0.36456 0.32638 0 -0.26258 -0.21417 0.94083 0 0.06595 0.55415 0.02393 1
keyframe: 3 0.41279 -0.90637 -0.08986 0 0.87203 0.3648 0.32631 0 -0.26297 -0.21306 0.94098 0 0.06608 0.55418 0.02389 1
keyframe: 4 0.41303 -0.90638 -0.08869 0 0.87194 0.36546 0.3258 0 -0.26289 -0.2119 0.94126 0 0.0662 0.55421 0.02388 1
keyframe: 5 0.41403 -0.90605 -0.08735 0 0.8715 0.36687 0.32538 0 -0.26277 -0.21085 0.94153 0 0.0663 0.55426 0.02389 1
keyframe: 6 0.41555 -0.9055 -0.08588 0 0.87089 0.36886 0.32477 0 -0.2624 -0.20975 0.94188 0 0.0664 0.55432 0.02388 1
keyframe: 7 0.41722 -0.90488 -0.08432 0 0.87033 0.37112 0.32369 0 -0.2616 -0.20844 0.94239 0 0.06651 0.55438 0.02386 1
keyframe: 8 0.41885 -0.90427 -0.08277 0 0.86989 0.37343 0.32223 0 -0.26047 -0.20698 0.94303 0 0.06661 0.55448 0.02384 1
keyframe: 9 0.42032 -0.90372 -0.08127 0 0.86956 0.3756 0.32057 0 -0.25918 -0.20541 0.94373 0 0.0667 0.55459 0.02387 1
keyframe: 10 0.42161 -0.90325 -0.07979 0 0.8693 0.37759 0.31895 0 -0.25797 -0.20384 0.9444 0 0.0668 0.5547 0.02392 1
keyframe: 11 0.42268 -0.90289 -0.07826 0 0.86906 0.37931 0.31756 0 -0.25703 -0.20225 0.945 0 0.06693 0.55479 0.02398 1
keyframe: 12 0.42354 -0.90262 -0.07661 0 0.8688 0.38081 0.31647 0 -0.25647 -0.2006 0.9455 0 0.06709 0.55485 0.024 1
keyframe: 13 0.42433 -0.9024 -0.07484 0 0.86848 0.3822 0.31567 0 -0.25625 -0.19895 0.94591 0 0.06726 0.5549 0.02398 1
keyframe: 14 0.42515 -0.90217 -0.07299 0 0.86809 0.3836 0.31505 0 -0.25623 -0.19731 0.94626 0 0.06741 0.55495 0.02395 1
keyframe: 15 0.4261 -0.90187 -0.07118 0 0.8677 0.38515 0.31424 0 -0.25599 -0.19566 0.94666 0 0.06754 0.55504 0.02394 1
keyframe: 16 0.4272 -0.90148 -0.06947 0 0.86732 0.38688 0.31314 0 -0.25541 -0.19403 0.94716 0 0.06765 0.55516 0.02396 1
keyframe: 17 0.4284 -0.90102 -0.06794 0 0.86695 0.38868 0.31194 0 -0.25466 -0.19254 0.94766 0 0.06774 0.55529 0.02403 1
keyframe: 18 0.42961 -0.90055 -0.06654 0 0.86655 0.39042 0.3109 0 -0.254 -0.19123 0.9481 0 0.06781 0.55541 0.02413 1
keyframe: 19 0.43076 -0.9001 -0.06526 0 0.86613 0.39203 0.31002 0 -0.25347 -0.19007 0.94848 0 0.06788 0.55551 0.02424 1
keyframe: 20 0.43173 -0.89972 -0.06401 0 0.86579 0.39345 0.30916 0 -0.25298 -0.18889 0.94885 0 0.06793 0.55557 0.02433 1
keyframe: 21 0.43237 -0.8995 -0.0628 0 0.86564 0.39458 0.30817 0 -0.25242 -0.18761 0.94925 0 0.06798 0.55562 0.02441 1
keyframe: 22 0.43276 -0.89939 -0.06173 0 0.86568 0.39547 0.30691 0 -0.25162 -0.18626 0.94973 0 0.06802 0.55567 0.02448 1
keyframe: 23 0.43301 -0.89932 -0.06094 0 0.86585 0.3962 0.30549 0 -0.25059 -0.18505 0.95024 0 0.06804 0.55572 0.02456 1
keyframe: 24 0.43295 -0.89938 -0.06048 0 0.86615 0.3965 0.30423 0 -0.24963 -0.1841 0.95067 0 0.06804 0.55577 0.02465 1
keyframe: 25 0.43226 -0.89972 -0.06033 0 0.86664 0.39601 0.30348 0 -0.24915 -0.18347 0.95092 0 0.06803 0.55582 0.02474 1
keyframe: 26 0.43091 -0.90035 -0.06056 0 0.86724 0.39465 0.30354 0 -0.24939 -0.18332 0.95089 0 0.068 0.55584 0.02485 1
keyframe: 27 0.4294 -0.90103 -0.06129 0 0.86782 0.39288 0.30417 0 -0.24999 -0.1838 0.95064 0 0.06794 0.55586 0.02497 1
keyframe: 28 0.42805 -0.90158 -0.06257 0 0.86831 0.39107 0.3051 0 -0.25061 -0.18493 0.95025 0 0.06787 0.55586 0.02508 1
keyframe: 29 0.42682 -0.90205 -0.06419 0 0.86871 0.38924 0.30631 0 -0.25132 -0.1865 0.94976 0 0.06782 0.55585 0.02516 1
keyframe: 30 0.42571 -0.90246 -0.0658 0 0.86894 0.38745 0.30793 0 -0.2524 -0.18826 0.94913 0 0.06776 0.5558 0.0252 1
keyframe: 31 0.42469 -0.90283 -0.06721 0 0.86898 0.38568 0.31002 0 -0.25397 -0.19007 0.94835 0 0.06771 0.55571 0.02519 1
keyframe: 32 0.42357 -0.90327 -0.06845 0 0.86902 0.38385 0.31218 0 -0.2557 -0.19172 0.94755 0 0.06767 0.55561 0.02515 1
keyframe: 33 0.42208 -0.90388 -0.06958 0 0.86932 0.38178 0.31386 0 -0.25713 -0.19297 0.94691 0 0.06763 0.55551 0.02509 1
keyframe: 34 0.42019 -0.90467 -0.07074 0 0.86998 0.37946 0.31484 0 -0.25798 -0.19384 0.9465 0 0.0676 0.55544 0.02501 1
keyframe: 35 0.41843 -0.90537 -0.07216 0 0.87074 0.37729 0.31537 0 -0.2583 -0.1948 0.94622 0 0.06752 0.55542 0.02496 1
keyframe: 36 0.41721 -0.9058 -0.07381 0 0.87129 0.37557 0.31589 0 -0.25841 -0.19611 0.94591 0 0.06741 0.55542 0.02494 1
keyframe: 37 0.41657 -0.90596 -0.07542 0 0.87152 0.37437 0.31668 0 -0.25866 -0.19766 0.94552 0 0.0673 0.5554 0.02493 1
keyframe: 38 0.41638 -0.90594 -0.07674 0 0.87147 0.37362 0.3177 0 -0.25915 -0.19916 0.94507 0 0.06721 0.55532 0.02489 1
keyframe: 39 0.41634 -0.90588 -0.07764 0 0.87132 0.37313 0.31869 0 -0.25973 -0.20033 0.94467 0 0.06713 0.55521 0.02483 1
keyframe: 40 0.41607 -0.90594 -0.07844 0 0.87133 0.37252 0.31937 0 -0.26011 -0.20123 0.94437 0 0.06706 0.55509 0.02474 1
keyframe: 41 0.4156 -0.90606 -0.07949 0 0.87158 0.37175 0.31959 0 -0.26001 -0.2021 0.94421 0 0.06698 0.55498 0.02466 1
keyframe: 42 0.41522 -0.9061 -0.08099 0 0.87193 0.371 0.3195 0 -0.25946 -0.20329 0.94411 0 0.06687 0.55492 0.02461 1
keyframe: 43 0.4151 -0.906 -0.08275 0 0.87216 0.37042 0.31954 0 -0.25885 -0.20481 0.94395 0 0.06675 0.55488 0.02458 1
keyframe: 44 0.41524 -0.90579 -0.0843 0 0.87215 0.37003 0.32001 0 -0.25867 -0.20641 0.94365 0 0.06663 0.55484 0.02453 1
keyframe: 45 0.41546 -0.9056 -0.0852 0 0.87191 0.36981 0.32093 0 -0.25912 -0.20763 0.94326 0 0.06654 0.55477 0.02446 1
keyframe: 46 0.41564 -0.9055 -0.08547 0 0.87155 0.36965 0.32208 0 -0.26005 -0.20836 0.94284 0 0.06646 0.55468 0.02436 1
keyframe: 47 0.41565 -0.90548 -0.08555 0 0.87129 0.36944 0.32303 0 -0.26089 -0.20881 0.94251 0 0.06638 0.55458 0.02425 1
keyframe: 48 0.41552 -0.90551 -0.08594 0 0.87123 0.36908 0.32362 0 -0.26132 -0.20935 0.94227 0 0.0663 0.55449 0.02414 1
keyframe: 49 0.41527 -0.90554 -0.08678 0 0.87136 0.36857 0.32383 0 -0.26126 -0.2101 0.94212 0 0.06623 0.55443 0.02405 1
keyframe: 50 0.41499 -0.90557 -0.08782 0 0.87158 0.368 0.32388 0 -0.26098 -0.21095 0.94201 0 0.06614 0.55439 0.02397 1
keyframe: 51 0.4147 -0.90561 -0.08881 0 0.8718 0.36745 0.32394 0 -0.26072 -0.21177 0.94189 0 0.06607 0.55435 0.02394 1
keyframe: 52 0.41431 -0.9057 -0.08969 0 0.87204 0.36683 0.32399 0 -0.26054 -0.21245 0.94179 0 0.06602 0.5543 0.02394 1
keyframe: 53 0.41389 -0.90581 -0.09052 0 0.8723 0.3662 0.324 0 -0.26034 -0.21307 0.94171 0 0.06598 0.55426 0.02396 1
keyframe: 54 0.41353 -0.90588 -0.0914 0 0.87255 0.36562 0.32398 0 -0.26007 -0.21373 0.94163 0 0.06595 0.55422 0.02399 1
keyframe: 55 0.41326 -0.90591 -0.09232 0 0.87275 0.36511 0.32401 0 -0.25982 -0.21448 0.94153 0 0.06591 0.55418 0.02402 1
keyframe: 56 0.41321 -0.90586 -0.09305 0 0.87283 0.36484 0.32411 0 -0.25965 -0.21515 0.94142 0 0.06587 0.55415 0.02403 1
keyframe: 57 0.41332 -0.90577 -0.09338 0 0.87275 0.36481 0.32435 0 -0.25972 -0.21557 0.94131 0 0.06582 0.55413 0.02404 1
keyframe: 58 0.41356 -0.90568 -0.09326 0 0.87249 0.36495 0.32489 0 -0.26021 -0.21573 0.94114 0 0.06577 0.55413 0.02405 1
keyframe: 59 0.41367 -0.90565 -0.09306 0 0.87232 0.36503 0.32526 0 -0.2606 -0.21573 0.94103 0 0.06575 0.55412 0.02406 1

#Bone: L_arm2 
globalBindposeInverse: 0.99968 -0.02514 0 0 0.02514 0.99968 0 0 0 0 1 0 -0.19422 -0.57792 -0.00115 1
keyframe: 0 0.06912 -0.77038 0.63381 0 0.83322 0.39396 0.38798 0 -0.54859 0.50129 0.66913 0 0.1113 0.45425 0.01382 1
keyframe: 1 0.06818 -0.76997 0.63442 0 0.83292 0.39396 0.38862 0 -0.54917 0.50192 0.66819 0 0.11137 0.45427 0.01385 1
keyframe: 2 0.06754 -0.76932 0.63527 0 0.83279 0.39411 0.38873 0 -0.54944 0.50279 0.66731 0 0.11145 0.45429 0.0139 1
keyframe: 3 0.06696 -0.76828 0.63659 0 0.83288 0.39435 0.38832 0 -0.54938 0.5042 0.66629 0 0.11156 0.4543 0.01399 1
keyframe: 4 0.06642 -0.76687 0.63835 0 0.83291 0.39488 0.3877 0 -0.54939 0.50594 0.66497 0 0.11171 0.45434 0.0141 1
keyframe: 5 0.06586 -0.76522 0.64038 0 0.83244 0.396 0.38758 0 -0.55018 0.50755 0.66308 0 0.11192 0.45442 0.01426 1
keyframe: 6 0.06556 -0.76351 0.64245 0 0.83167 0.39757 0.38762 0 -0.55138 0.50889 0.66105 0 0.11219 0.45454 0.01442 1
keyframe: 7 0.06573 -0.76179 0.64447 0 0.83093 0.39939 0.38734 0 -0.55247 0.51005 0.65925 0 0.11248 0.45467 0.01457 1
keyframe: 8 0.06623 -0.76008 0.64643 0 0.83031 0.40125 0.38673 0 -0.55333 0.51113 0.65768 0 0.11276 0.45484 0.01472 1
keyframe: 9 0.0666 -0.75833 0.64844 0 0.8298 0.40298 0.38604 0 -0.55407 0.51237 0.65611 0 0.11302 0.45501 0.01491 1
keyframe: 10 0.06646 -0.75655 0.65053 0 0.82924 0.40448 0.38567 0 -0.55491 0.51382 0.65425 0 0.11326 0.45517 0.01513 1
keyframe: 11 0.06568 -0.75475 0.65271 0 0.82862 0.40569 0.38573 0 -0.55593 0.51552 0.65205 0 0.11351 0.4553 0.01535 1
keyframe: 12 0.06435 -0.75288 0.65499 0 0.82797 0.40666 0.3861 0 -0.55705 0.51747 0.64954 0 0.11376 0.45539 0.01555 1
keyframe: 13 0.0627 -0.75096 0.65735 0 0.82733 0.4075 0.3866 0 -0.55819 0.51961 0.64685 0 0.11401 0.45546 0.01573 1
keyframe: 14 0.06095 -0.74896 0.65979 0 0.82669 0.4083 0.38711 0 -0.55933 0.52185 0.64405 0 0.11426 0.45554 0.01591 1
keyframe: 15 0.05942 -0.74685 0.66233 0 0.82612 0.40924 0.38734 0 -0.56034 0.52415 0.64131 0 0.1145 0.45566 0.01609 1
keyframe: 16 0.05825 -0.74456 0.665 0 0.82562 0.4104 0.38718 0 -0.5612 0.52648 0.63864 0 0.11473 0.45582 0.01631 1
keyframe: 17 0.05734 -0.74223 0.66767 0 0.8251 0.41175 0.38686 0 -0.56206 0.52871 0.63603 0 0.11495 0.45601 0.01655 1
keyframe: 18 0.05661 -0.74007 0.67013 0 0.82447 0.41319 0.38666 0 -0.56305 0.53061 0.63357 0 0.11515 0.45618 0.0168 1
keyframe: 19 0.05613 -0.73832 0.6721 0 0.82379 0.41458 0.38662 0 -0.5641 0.53197 0.63149 0 0.11535 0.45632 0.01704 1
keyframe: 20 0.05592 -0.73693 0.67365 0 0.8232 0.41582 0.38654 0 -0.56497 0.53293 0.6299 0 0.1155 0.45643 0.01727 1
keyframe: 21 0.05579 -0.73574 0.67495 0 0.8229 0.41672 0.38623 0 -0.56543 0.53387 0.62869 0 0.11562 0.45651 0.01749 1
keyframe: 22 0.05575 -0.73449 0.67631 0 0.8229 0.4174 0.38547 0 -0.56543 0.53505 0.62769 0 0.1157 0.45656 0.01768 1
keyframe: 23 0.05587 -0.73314 0.67776 0 0.82315 0.418 0.3843 0 -0.56506 0.53643 0.62684 0 0.11575 0.45662 0.01784 1
keyframe: 24 0.05587 -0.73194 0.67907 0 0.82358 0.41828 0.38308 0 -0.56443 0.53786 0.62618 0 0.11575 0.45667 0.01798 1
