#KeyframeAnimationInfo
Keyframe_Length: 74
BoneCount: 16
WeightVertexCount: 637

#Bone: hip 
globalBindposeInverse: 0 -1 0 0 0.99999 0 0 0 0 0 0.99999 0 -0.40047 0.00205 -0.00115 1
keyframe: 0 -0.11614 0.98817 0.1001 0 -0.58417 0.01354 -0.81151 0 -0.80327 -0.15273 0.57569 0 0.00131 0.33683 -0.00173 1
keyframe: 1 -0.0863 0.99445 0.06009 0 -0.64026 -0.00914 -0.7681 0 -0.76329 -0.10477 0.6375 0 -0.00047 0.33639 0.00112 1
keyframe: 2 -0.04734 0.99868 0.01985 0 -0.71486 -0.01999 -0.69897 0 -0.69765 -0.04728 0.71486 0 -0.00285 0.33722 0.00382 1
keyframe: 3 -0.05275 0.99707 0.05529 0 -0.77282 -0.00569 -0.63459 0 -0.63242 -0.07621 0.77086 0 -0.00296 0.344 -0.00044 1
keyframe: 4 -0.08435 0.98968 0.11577 0 -0.82142 -0.00329 -0.5703 0 -0.56404 -0.14321 0.81323 0 0.00095 0.35796 -0.01422 1
keyframe: 5 -0.10167 0.98059 0.16762 0 -0.86859 -0.00535 -0.49549 0 -0.48498 -0.19597 0.85228 0 0.00591 0.37622 -0.03146 1
keyframe: 6 -0.08967 0.97798 0.18842 0 -0.87849 0.01146 -0.4776 0 -0.46925 -0.20835 0.85813 0 0.00843 0.38602 -0.04025 1
keyframe: 7 -0.0674 0.97943 0.19015 0 -0.866 0.03721 -0.49864 0 -0.49546 -0.19828 0.84569 0 0.00966 0.38869 -0.04199 1
keyframe: 8 -0.05616 0.98262 0.17689 0 -0.8639 0.04098 -0.50198 0 -0.50051 -0.18101 0.84659 0 0.01072 0.3879 -0.04044 1
keyframe: 9 -0.05247 0.98576 0.15974 0 -0.86978 0.03347 -0.49229 0 -0.49063 -0.16477 0.85564 0 0.01165 0.38705 -0.0382 1
keyframe: 10 -0.05198 0.98841 0.14261 0 -0.8764 0.0233 -0.48101 0 -0.47876 -0.14999 0.86503 0 0.01225 0.38681 -0.03595 1
keyframe: 11 -0.05559 0.9887 0.13921 0 -0.87822 0.0179 -0.4779 0 -0.475 -0.14882 0.8673 0 0.01253 0.38692 -0.03348 1
keyframe: 12 -0.05711 0.98845 0.1403 0 -0.87576 0.01787 -0.48241 0 -0.47935 -0.15042 0.86463 0 0.01232 0.38661 -0.03051 1
keyframe: 13 -0.05574 0.98927 0.13502 0 -0.87321 0.01727 -0.48702 0 -0.48413 -0.14505 0.86288 0 0.01185 0.38543 -0.02717 1
keyframe: 14 -0.054 0.99039 0.12731 0 -0.87121 0.01557 -0.49065 0 -0.48792 -0.13741 0.862 0 0.01134 0.38395 -0.02375 1
keyframe: 15 -0.05204 0.9915 0.11918 0 -0.86934 0.01374 -0.49401 0 -0.49146 -0.12932 0.86124 0 0.01081 0.38239 -0.02026 1
keyframe: 16 -0.04763 0.99317 0.10644 0 -0.87158 0.01072 -0.49012 0 -0.48791 -0.11611 0.86513 0 0.00982 0.38024 -0.01567 1
keyframe: 17 -0.04305 0.99498 0.09026 0 -0.87968 0.00507 -0.47552 0 -0.47359 -0.09987 0.87505 0 0.00826 0.37769 -0.00938 1
keyframe: 18 -0.03883 0.99659 0.07278 0 -0.88988 -0.00135 -0.45618 0 -0.45452 -0.08248 0.8869 0 0.00658 0.37503 -0.00251 1
keyframe: 19 -0.03449 0.99795 0.05383 0 -0.90117 -0.00777 -0.43338 0 -0.43207 -0.06346 0.89959 0 0.00463 0.37185 0.00483 1
keyframe: 20 -0.02952 0.999 0.03345 0 -0.91267 -0.01329 -0.40846 0 -0.40761 -0.04259 0.91216 0 0.00241 0.36783 0.01257 1
keyframe: 21 -0.02287 0.99967 0.01125 0 -0.92406 -0.01684 -0.38185 0 -0.38154 -0.01914 0.92415 0 -2e-05 0.36275 0.02058 1
keyframe: 22 -0.0157 0.99978 -0.01327 0 -0.9362 -0.01936 -0.35091 0 -0.35109 0.00691 0.93631 0 -0.00271 0.35697 0.02885 1
keyframe: 23 -0.00831 0.99916 -0.03989 0 -0.94863 -0.0205 -0.3157 0 -0.31626 0.03521 0.94801 0 -0.00568 0.35067 0.03743 1
keyframe: 24 -0.001 0.99769 -0.06778 0 -0.96023 -0.01988 -0.27848 0 -0.27919 0.0648 0.95804 0 -0.0089 0.34392 0.04656 1
keyframe: 25 0.00613 0.99535 -0.09611 0 -0.97026 -0.01732 -0.2414 0 -0.24195 0.09473 0.96565 0 -0.01239 0.33673 0.05618 1
keyframe: 26 0.01403 0.9922 -0.1238 0 -0.97814 -0.01206 -0.20758 0 -0.20746 0.124 0.97035 0 -0.01588 0.32896 0.06613 1
keyframe: 27 0.02126 0.98839 -0.15043 0 -0.98381 -0.00609 -0.17909 0 -0.17793 0.1518 0.97226 0 -0.01937 0.32058 0.07642 1
keyframe: 28 0.02964 0.98426 -0.17419 0 -0.9868 0.00106 -0.16189 0 -0.15916 0.17669 0.97131 0 -0.023 0.31116 0.08681 1
keyframe: 29 0.04117 0.98088 -0.19017 0 -0.98603 0.00915 -0.16626 0 -0.16134 0.19436 0.96756 0 -0.02646 0.29606 0.09995 1
keyframe: 30 0.05319 0.97897 -0.19693 0 -0.98224 0.01576 -0.18695 0 -0.17992 0.20338 0.96242 0 -0.02951 0.27094 0.11941 1
keyframe: 31 0.07077 0.98042 -0.18375 0 -0.96975 0.02449 -0.24284 0 -0.23358 0.19538 0.9525 0 -0.03247 0.22485 0.15171 1
keyframe: 32 0.08516 0.98386 -0.15733 0 -0.95155 0.03348 -0.30566 0 -0.29546 0.17574 0.93905 0 -0.03018 0.19629 0.17476 1
keyframe: 33 0.08405 0.98877 -0.12352 0 -0.93281 0.03448 -0.3587 0 -0.35041 0.14537 0.92524 0 -0.02082 0.20136 0.18024 1
keyframe: 34 0.07757 0.99222 -0.09735 0 -0.91418 0.03182 -0.40404 0 -0.3978 0.12034 0.90954 0 -0.01346 0.20761 0.18411 1
keyframe: 35 0.07855 0.99339 -0.08366 0 -0.89677 0.03375 -0.4412 0 -0.43546 0.10968 0.89349 0 -0.00979 0.20265 0.18864 1
keyframe: 36 0.09107 0.99296 -0.07565 0 -0.88028 0.04475 -0.47232 0 -0.46561 0.1096 0.87817 0 -0.00758 0.20211 0.19296 1
keyframe: 37 0.10915 0.99189 -0.06508 0 -0.87936 0.06583 -0.47157 0 -0.46346 0.1087 0.87942 0 -0.0064 0.20588 0.19539 1
keyframe: 38 0.12147 0.99057 -0.06321 0 -0.88931 0.08033 -0.45018 0 -0.44086 0.1109 0.89069 0 -0.00666 0.2088 0.19687 1
keyframe: 39 0.12968 0.98967 -0.06095 0 -0.8976 0.09105 -0.43129 0 -0.42129 0.11064 0.90015 0 -0.00729 0.21077 0.19894 1
keyframe: 40 0.12659 0.9909 -0.04568 0 -0.90838 0.0973 -0.40665 0 -0.39851 0.09298 0.91243 0 -0.00799 0.21222 0.20122 1
keyframe: 41 0.11676 0.99276 -0.02798 0 -0.91356 0.0963 -0.39511 0 -0.38956 0.07169 0.9182 0 -0.00938 0.21316 0.20396 1
keyframe: 42 0.10684 0.99423 -0.00872 0 -0.91614 0.09503 -0.38941 0 -0.38634 0.0496 0.92102 0 -0.01169 0.21367 0.20716 1
keyframe: 43 0.09774 0.99514 0.0119 0 -0.91596 0.09463 -0.38994 0 -0.38917 0.02721 0.92076 0 -0.01473 0.21395 0.21063 1
keyframe: 44 0.08551 0.99569 0.03582 0 -0.91784 0.09271 -0.38596 0 -0.38762 0.00012 0.92181 0 -0.01781 0.21396 0.21411 1
keyframe: 45 0.07049 0.99572 0.05961 0 -0.92152 0.08788 -0.37825 0 -0.38187 -0.02827 0.92377 0 -0.02078 0.21383 0.21736 1
keyframe: 46 0.04668 0.99553 0.08202 0 -0.92892 0.07346 -0.36289 0 -0.3673 -0.05925 0.92821 0 -0.02377 0.21352 0.22005 1
keyframe: 47 0.02386 0.99384 0.10815 0 -0.93681 0.05999 -0.34464 0 -0.34901 -0.09309 0.93248 0 -0.02741 0.21298 0.22339 1
keyframe: 48 0.00382 0.99096 0.13402 0 -0.9464 0.04687 -0.31957 0 -0.32296 -0.12562 0.93803 0 -0.03151 0.21221 0.22725 1
keyframe: 49 -0.01588 0.98645 0.16328 0 -0.9555 0.03312 -0.29312 0 -0.29455 -0.16067 0.94202 0 -0.03571 0.21111 0.23165 1
keyframe: 50 -0.0356 0.97907 0.20035 0 -0.96455 0.01878 -0.26319 0 -0.26145 -0.20262 0.9437 0 -0.04017 0.20941 0.23693 1
keyframe: 51 -0.05464 0.96769 0.24613 0 -0.97344 0.00325 -0.2289 0 -0.22231 -0.2521 0.94181 0 -0.0449 0.20716 0.24296 1
keyframe: 52 -0.07166 0.95295 0.29452 0 -0.98102 -0.01401 -0.19335 0 -0.18012 -0.30279 0.93587 0 -0.04962 0.20469 0.2492 1
keyframe: 53 -0.08572 0.93159 0.35324 0 -0.98805 -0.0339 -0.15035 0 -0.12808 -0.36191 0.92336 0 -0.05457 0.20152 0.25613 1
keyframe: 54 -0.10076 0.88727 0.4501 0 -0.99386 -0.069 -0.08647 0 -0.04566 -0.45605 0.88877 0 -0.06086 0.19656 0.26509 1
keyframe: 55 -0.10798 0.81946 0.56286 0 -0.99285 -0.11783 -0.01892 0 0.05081 -0.56088 0.82633 0 -0.0681 0.18988 0.27586 1
keyframe: 56 -0.10368 0.71699 0.68932 0 -0.98366 -0.17646 0.03559 0 0.14716 -0.67437 0.72357 0 -0.07788 0.17869 0.29251 1
keyframe: 57 -0.0796 0.55942 0.82504 0 -0.96273 -0.25776 0.08188 0 0.25848 -0.78778 0.55909 0 -0.09116 0.16034 0.31699 1
keyframe: 58 -0.03785 0.36884 0.92871 0 -0.92808 -0.3575 0.10415 0 0.37043 -0.85798 0.35585 0 -0.10375 0.12963 0.34147 1
keyframe: 59 -0.00528 0.1891 0.98194 0 -0.87972 -0.46775 0.08534 0 0.47545 -0.86338 0.16883 0 -0.11289 0.08972 0.36122 1
keyframe: 60 -0.0088 0.03732 0.99926 0 -0.84832 -0.52933 0.01229 0 0.5294 -0.84759 0.03632 0 -0.1179 0.07653 0.3786 1
keyframe: 61 -0.00919 -0.08392 0.99643 0 -0.88224 -0.46838 -0.04758 0 0.4707 -0.87953 -0.06973 0 -0.11666 0.08351 0.39721 1
keyframe: 62 0.00195 -0.1208 0.99267 0 -0.89735 -0.43828 -0.05156 0 0.4413 -0.89068 -0.10926 0 -0.11551 0.0895 0.40625 1
keyframe: 63 0.00218 -0.12109 0.99263 0 -0.90639 -0.41956 -0.04918 0 0.42243 -0.89961 -0.11067 0 -0.11417 0.09065 0.40959 1
keyframe: 64 -0.00666 -0.11343 0.99352 0 -0.91595 -0.39795 -0.05158 0 0.40122 -0.91036 -0.10125 0 -0.11259 0.08841 0.41033 1
keyframe: 65 -0.01075 -0.1066 0.99424 0 -0.93171 -0.35991 -0.04867 0 0.36303 -0.92687 -0.09545 0 -0.10958 0.08378 0.4094 1
keyframe: 66 -0.00762 -0.09068 0.99585 0 -0.94752 -0.31762 -0.03618 0 0.31958 -0.94386 -0.0835 0 -0.10619 0.07908 0.40641 1
keyframe: 67 0.00057 -0.07745 0.99699 0 -0.95824 -0.28514 -0.02159 0 0.28596 -0.95534 -0.07438 0 -0.10419 0.07514 0.39982 1
keyframe: 68 0.01139 -0.07426 0.99717 0 -0.96385 -0.26628 -0.00882 0 0.26618 -0.96102 -0.07461 0 -0.10344 0.07091 0.39244 1
keyframe: 69 0.01347 -0.06881 0.99753 0 -0.9662 -0.25773 -0.00472 0 0.25742 -0.96376 -0.06996 0 -0.10326 0.0693 0.39101 1
keyframe: 70 0.00892 -0.06388 0.99791 0 -0.96713 -0.25415 -0.00762 0 0.25411 -0.96505 -0.06404 0 -0.10381 0.06919 0.39 1
keyframe: 71 0.01104 -0.06505 0.99782 0 -0.96402 -0.26572 -0.00665 0 0.26558 -0.96185 -0.06564 0 -0.10469 0.06944 0.39103 1
keyframe: 72 0.0112 -0.07325 0.99725 0 -0.95909 -0.2829 -0.01 0 0.28285 -0.95634 -0.07343 0 -0.10565 0.06917 0.3925 1
keyframe: 73 0.00847 -0.08206 0.99659 0 -0.95509 -0.29586 -0.01624 0 0.29618 -0.95169 -0.08089 0 -0.10612 0.06843 0.39343 1

#Bone: spine 
globalBindposeInverse: 0 -1 0 0 0.99999 0 0 0 0 0 0.99999 0 -0.46025 0.00205 -0.00115 1
keyframe: 0 -0.1594 0.97893 0.12757 0 -0.61 0.00393 -0.79239 0 -0.7762 -0.20413 0.59652 0 -0.00563 0.3959 0.00425 1
keyframe: 1 -0.13112 0.98658 0.09719 0 -0.658 -0.01327 -0.7529 0 -0.74151 -0.16267 0.65091 0 -0.00563 0.39583 0.00471 1
keyframe: 2 -0.09319 0.99311 0.07092 0 -0.7179 -0.01766 -0.69592 0 -0.68987 -0.11577 0.7146 0 -0.00568 0.39692 0.00501 1
keyframe: 3 -0.09731 0.98683 0.12917 0 -0.76801 0.00808 -0.64038 0 -0.63299 -0.16152 0.75711 0 -0.00611 0.4036 0.00286 1
keyframe: 4 -0.13605 0.96168 0.238 0 -0.81759 0.02667 -0.57517 0 -0.55948 -0.27284 0.78264 0 -0.00408 0.41712 -0.0073 1
keyframe: 5 -0.1598 0.92428 0.34663 0 -0.86456 0.03842 -0.50105 0 -0.47643 -0.37976 0.79296 0 -0.00016 0.43483 -0.02144 1
keyframe: 6 -0.1543 0.90469 0.39714 0 -0.87886 0.05797 -0.47353 0 -0.45142 -0.4221 0.78615 0 0.00307 0.44448 -0.02898 1
keyframe: 7 -0.1409 0.90015 0.41215 0 -0.87674 0.07991 -0.47427 0 -0.45985 -0.42818 0.77794 0 0.00563 0.44723 -0.03062 1
keyframe: 8 -0.13211 0.90378 0.40708 0 -0.87992 0.08215 -0.46795 0 -0.45637 -0.42002 0.78441 0 0.00736 0.44663 -0.02987 1
keyframe: 9 -0.12711 0.90951 0.39574 0 -0.88641 0.07487 -0.4568 0 -0.4451 -0.40886 0.79668 0 0.00852 0.44597 -0.02865 1
keyframe: 10 -0.12347 0.91511 0.38382 0 -0.89285 0.06635 -0.44543 0 -0.43308 -0.39769 0.80886 0 0.00914 0.44589 -0.02742 1
keyframe: 11 -0.12552 0.91757 0.37721 0 -0.89489 0.0594 -0.44229 0 -0.42825 -0.39309 0.81368 0 0.00921 0.44602 -0.02516 1
keyframe: 12 -0.12736 0.91925 0.37248 0 -0.89239 0.0577 -0.44755 0 -0.43291 -0.38941 0.81298 0 0.0089 0.4457 -0.02212 1
keyframe: 13 -0.12682 0.92268 0.3641 0 -0.88908 0.05702 -0.45418 0 -0.43982 -0.38132 0.8131 0 0.00852 0.44456 -0.0191 1
keyframe: 14 -0.1255 0.92658 0.35451 0 -0.88594 0.05614 -0.46038 0 -0.44648 -0.37186 0.81386 0 0.00811 0.44315 -0.01614 1
keyframe: 15 -0.12393 0.93052 0.34462 0 -0.88282 0.05517 -0.46645 0 -0.45306 -0.36205 0.81464 0 0.0077 0.44166 -0.01313 1
keyframe: 16 -0.11853 0.93645 0.33014 0 -0.88338 0.05236 -0.46571 0 -0.45341 -0.34684 0.82104 0 0.00697 0.43961 -0.00931 1
keyframe: 17 -0.11165 0.94354 0.31185 0 -0.88937 0.04511 -0.45495 0 -0.44334 -0.32815 0.83412 0 0.00569 0.43717 -0.00398 1
keyframe: 18 -0.10477 0.95067 0.29195 0 -0.89739 0.03614 -0.43975 0 -0.42861 -0.30807 0.84934 0 0.00426 0.4346 0.00183 1
keyframe: 19 -0.0973 0.95775 0.2706 0 -0.90667 0.02682 -0.42097 0 -0.41045 -0.28631 0.86576 0 0.00257 0.4315 0.00805 1
keyframe: 20 -0.08879 0.96469 0.24796 0 -0.91649 0.01836 -0.39961 0 -0.39006 -0.26274 0.8825 0 0.00065 0.42755 0.01457 1
keyframe: 21 -0.07824 0.97147 0.22384 0 -0.92666 0.01192 -0.37569 0 -0.36764 -0.23682 0.8993 0 -0.00138 0.4225 0.02125 1
keyframe: 22 -0.06647 0.97796 0.19792 0 -0.93792 0.00643 -0.34679 0 -0.34042 -0.20869 0.91682 0 -0.00365 0.41673 0.02805 1
keyframe: 23 -0.05405 0.98393 0.17015 0 -0.94971 0.00196 -0.31309 0 -0.3084 -0.17851 0.93435 0 -0.00618 0.4104 0.03504 1
keyframe: 24 -0.04154 0.98914 0.14092 0 -0.96082 -0.00086 -0.27713 0 -0.274 -0.14691 0.95043 0 -0.00896 0.40355 0.04251 1
keyframe: 25 -0.02938 0.99341 0.11072 0 -0.97048 -0.00183 -0.24113 0 -0.23934 -0.11454 0.96415 0 -0.01203 0.39623 0.05044 1
keyframe: 26 -0.0177 0.99662 0.08009 0 -0.9781 -0.00065 -0.20811 0 -0.20735 -0.08202 0.97482 0 -0.01504 0.38827 0.05873 1
keyframe: 27 -0.00663 0.99874 0.04963 0 -0.98363 0.00241 -0.18018 0 -0.18007 -0.05001 0.98238 0 -0.0181 0.37966 0.06742 1
keyframe: 28 0.00465 0.99978 0.02014 0 -0.98648 0.00788 -0.16363 0 -0.16375 -0.01911 0.98631 0 -0.02123 0.36999 0.0764 1
keyframe: 29 0.01521 0.99984 -0.00851 0 -0.98566 0.01356 -0.16816 0 -0.16802 0.01095 0.98572 0 -0.024 0.3547 0.08859 1
keyframe: 30 0.02054 0.99893 -0.04125 0 -0.98206 0.01242 -0.18815 0 -0.18744 0.04438 0.98127 0 -0.02633 0.32946 0.10763 1
keyframe: 31 0.01141 0.99741 -0.07095 0 -0.97047 -0.00604 -0.24112 0 -0.24093 0.0716 0.96789 0 -0.02824 0.28346 0.14072 1
keyframe: 32 0.00253 0.99745 -0.07127 0 -0.95373 -0.01901 -0.30005 0 -0.30065 0.06873 0.95125 0 -0.02509 0.25511 0.16535 1
keyframe: 33 -0.00608 0.99892 -0.04594 0 -0.93604 -0.02185 -0.35119 0 -0.35181 0.04087 0.93517 0 -0.01579 0.26047 0.17285 1
keyframe: 34 -0.01589 0.99976 -0.01468 0 -0.91781 -0.02041 -0.39647 0 -0.39668 0.00717 0.91792 0 -0.00882 0.26692 0.17829 1
keyframe: 35 -0.01879 0.9998 0.00541 0 -0.89904 -0.01452 -0.43761 0 -0.43745 -0.01309 0.89914 0 -0.0051 0.26203 0.18364 1
keyframe: 36 -0.00816 0.99988 0.01315 0 -0.88232 -0.00101 -0.47064 0 -0.47057 -0.01545 0.88222 0 -0.00214 0.26147 0.18843 1
keyframe: 37 0.01227 0.99958 0.02608 0 -0.88269 0.02308 -0.46938 0 -0.46979 -0.01726 0.8826 0 0.00011 0.26518 0.1915 1
keyframe: 38 0.0289 0.99888 0.03725 0 -0.89574 0.04242 -0.44254 0 -0.44363 -0.02057 0.89597 0 0.00059 0.26801 0.19309 1
keyframe: 39 0.04277 0.99803 0.04579 0 -0.90623 0.05805 -0.41877 0 -0.4206 -0.02358 0.90693 0 0.00045 0.26993 0.1953 1
keyframe: 40 0.04887 0.99696 0.06063 0 -0.91608 0.06893 -0.39501 0 -0.39799 -0.03623 0.91667 0 -0.00042 0.27146 0.19849 1
keyframe: 41 0.04741 0.99591 0.07682 0 -0.92125 0.07332 -0.38198 0 -0.38606 -0.05265 0.92096 0 -0.0024 0.27251 0.20229 1
keyframe: 42 0.04467 0.99437 0.09603 0 -0.92444 0.07758 -0.37335 0 -0.3787 -0.07209 0.9227 0 -0.0053 0.2731 0.20664 1
keyframe: 43 0.04153 0.99226 0.11697 0 -0.92509 0.08242 -0.37068 0 -0.37745 -0.09281 0.92136 0 -0.00888 0.27344 0.21135 1
keyframe: 44 0.03498 0.98937 0.1411 0 -0.92721 0.08481 -0.36479 0 -0.37288 -0.11806 0.92033 0 -0.0127 0.27348 0.21625 1
keyframe: 45 0.02593 0.98583 0.1657 0 -0.93057 0.08436 -0.35624 0 -0.36517 -0.14495 0.91958 0 -0.01657 0.27335 0.22092 1
keyframe: 46 0.01029 0.98175 0.18984 0 -0.93849 0.07501 -0.33704 0 -0.34513 -0.1747 0.92214 0 -0.02098 0.27303 0.22495 1
keyframe: 47 -0.00395 0.97635 0.21612 0 -0.94791 0.06517 -0.31178 0 -0.3185 -0.20609 0.92524 0 -0.02598 0.27239 0.22985 1
keyframe: 48 -0.01522 0.97015 0.242 0 -0.95855 0.0547 -0.2796 0 -0.28449 -0.23623 0.92911 0 -0.03128 0.27144 0.23526 1
keyframe: 49 -0.02588 0.9619 0.27213 0 -0.96777 0.04409 -0.2479 0 -0.25046 -0.26978 0.92977 0 -0.03666 0.27007 0.24141 1
keyframe: 50 -0.03568 0.94976 0.3109 0 -0.97603 0.0337 -0.21497 0 -0.21465 -0.31112 0.9258 0 -0.0423 0.26793 0.24891 1
keyframe: 51 -0.04373 0.93247 0.35856 0 -0.98352 0.02282 -0.17932 0 -0.17539 -0.3605 0.91611 0 -0.04816 0.265 0.25767 1
keyframe: 52 -0.04928 0.91155 0.40821 0 -0.98971 0.01039 -0.1427 0 -0.13432 -0.41104 0.90166 0 -0.05391 0.26165 0.26681 1
keyframe: 53 -0.05101 0.88289 0.46678 0 -0.99504 -0.00501 -0.09925 0 -0.08529 -0.46953 0.87878 0 -0.0597 0.2572 0.27724 1
keyframe: 54 -0.05023 0.82929 0.55655 0 -0.9987 -0.03745 -0.03434 0 -0.00763 -0.55755 0.8301 0 -0.06688 0.2496 0.29199 1
keyframe: 55 -0.0409 0.75378 0.65584 0 -0.99581 -0.0844 0.03491 0 0.08167 -0.65167 0.75408 0 -0.07455 0.23886 0.30951 1
keyframe: 56 -0.02251 0.64992 0.75966 0 -0.98597 -0.14013 0.09066 0 0.16538 -0.74696 0.64396 0 -0.08408 0.22155 0.33372 1
keyframe: 57 0.01273 0.5004 0.86569 0 -0.96671 -0.2151 0.13855 0 0.25554 -0.83864 0.481 0 -0.09592 0.19378 0.36631 1
keyframe: 58 0.0594 0.33178 0.94148 0 -0.93714 -0.30634 0.16708 0 0.34385 -0.89222 0.29273 0 -0.10601 0.15167 0.39699 1
keyframe: 59 0.08839 0.17385 0.98079 0 -0.88917 -0.43003 0.15635 0 0.44895 -0.88591 0.11657 0 -0.11321 0.10103 0.41991 1
keyframe: 60 0.08768 0.0354 0.99551 0 -0.8472 -0.52301 0.09321 0 0.52397 -0.85158 -0.01586 0 -0.11843 0.07876 0.43833 1
keyframe: 61 0.09008 -0.05764 0.99426 0 -0.87896 -0.47401 0.05215 0 0.46829 -0.87862 -0.09336 0 -0.11721 0.0785 0.45678 1
keyframe: 62 0.10376 -0.08508 0.99095 0 -0.89168 -0.44932 0.05479 0 0.44059 -0.8893 -0.12249 0 -0.11539 0.08228 0.46558 1
keyframe: 63 0.10595 -0.08954 0.99033 0 -0.90167 -0.42854 0.05771 0 0.41923 -0.89907 -0.12614 0 -0.11404 0.08342 0.46892 1
keyframe: 64 0.10003 -0.0873 0.99114 0 -0.91425 -0.40111 0.05694 0 0.39259 -0.91185 -0.11993 0 -0.11299 0.08162 0.46972 1
keyframe: 65 0.09662 -0.08599 0.99159 0 -0.93244 -0.35631 0.05996 0 0.34816 -0.9304 -0.11461 0 -0.11023 0.07741 0.46883 1
keyframe: 66 0.09612 -0.0793 0.9922 0 -0.94996 -0.30494 0.06766 0 0.2972 -0.94906 -0.10465 0 -0.10664 0.07366 0.46594 1
keyframe: 67 0.10031 -0.07371 0.99222 0 -0.96141 -0.26392 0.07759 0 0.25615 -0.96172 -0.09734 0 -0.10416 0.07051 0.45942 1
keyframe: 68 0.10596 -0.07267 0.99171 0 -0.96661 -0.24151 0.08558 0 0.23329 -0.96767 -0.09584 0 -0.10276 0.06647 0.45205 1
keyframe: 69 0.10458 -0.06937 0.99209 0 -0.96863 -0.23319 0.0858 0 0.22539 -0.96995 -0.09158 0 -0.10245 0.06519 0.45063 1
keyframe: 70 0.10293 -0.06601 0.99249 0 -0.96945 -0.23 0.08524 0 0.22264 -0.97094 -0.08767 0 -0.10328 0.06537 0.44965 1
keyframe: 71 0.10484 -0.06856 0.99212 0 -0.96719 -0.23916 0.08568 0 0.2314 -0.96855 -0.09139 0 -0.10403 0.06555 0.45067 1
keyframe: 72 0.10553 -0.07669 0.99145 0 -0.96365 -0.25394 0.08293 0 0.24541 -0.96417 -0.1007 0 -0.10498 0.06479 0.45211 1
keyframe: 73 0.10513 -0.08471 0.99084 0 -0.96037 -0.26726 0.07904 0 0.25812 -0.95989 -0.10945 0 -0.10561 0.06353 0.453 1

#Bone: upper 
globalBindposeInverse: 0 -1 0 0 0.99999 0 0 0 0 0 0.99999 0 -0.58494 0.00205 -0.00115 1
keyframe: 0 -0.24158 0.95239 0.18594 0 -0.66191 -0.02161 -0.74927 0 -0.70958 -0.30409 0.63562 0 -0.0255 0.51797 0.02015 1
keyframe: 1 -0.21662 0.9607 0.17354 0 -0.69567 -0.02719 -0.71784 0 -0.68491 -0.27623 0.67422 0 -0.02198 0.51886 0.01683 1
keyframe: 2 -0.18338 0.96788 0.17195 0 -0.72828 -0.01627 -0.68508 0 -0.66028 -0.25086 0.70787 0 -0.0173 0.52075 0.01385 1
keyframe: 3 -0.18623 0.94409 0.27201 0 -0.76329 0.03529 -0.64508 0 -0.61862 -0.32776 0.71405 0 -0.01825 0.52665 0.01897 1
keyframe: 4 -0.23373 0.85317 0.46633 0 -0.81786 0.08684 -0.56882 0 -0.5258 -0.51434 0.67747 0 -0.02104 0.53704 0.02237 1
keyframe: 5 -0.26531 0.70786 0.65462 0 -0.86775 0.12061 -0.48213 0 -0.42024 -0.69597 0.58225 0 -0.02008 0.55009 0.02177 1
keyframe: 6 -0.26544 0.62074 0.7377 0 -0.89062 0.13514 -0.43419 0 -0.36922 -0.77227 0.51697 0 -0.01616 0.55729 0.02053 1
keyframe: 7 -0.25234 0.5857 0.77023 0 -0.90648 0.13538 -0.39993 0 -0.33852 -0.79913 0.49677 0 -0.01193 0.55948 0.02076 1
keyframe: 8 -0.23703 0.57901 0.78009 0 -0.91793 0.12945 -0.375 0 -0.31812 -0.80497 0.50081 0 -0.0091 0.55933 0.02088 1
keyframe: 9 -0.22546 0.583 0.78055 0 -0.92493 0.12358 -0.35947 0 -0.30603 -0.80301 0.51137 0 -0.00732 0.55938 0.02069 1
keyframe: 10 -0.21537 0.58933 0.77865 0 -0.93074 0.1174 -0.3463 0 -0.2955 -0.79931 0.52323 0 -0.00625 0.56 0.02043 1
keyframe: 11 -0.21483 0.60095 0.76986 0 -0.93256 0.10793 -0.34449 0 -0.29012 -0.79195 0.53724 0 -0.00643 0.56044 0.02187 1
keyframe: 12 -0.21937 0.61372 0.75843 0 -0.92982 0.10391 -0.35303 0 -0.29548 -0.78265 0.54785 0 -0.00697 0.56032 0.02432 1
keyframe: 13 -0.22312 0.6259 0.7473 0 -0.92551 0.10461 -0.36396 0 -0.30598 -0.77285 0.55594 0 -0.00729 0.55962 0.02629 1
keyframe: 14 -0.22552 0.63749 0.7367 0 -0.92089 0.10728 -0.37474 0 -0.31793 -0.76294 0.56287 0 -0.00753 0.5587 0.02806 1
keyframe: 15 -0.22763 0.64902 0.72591 0 -0.91605 0.11005 -0.38565 0 -0.33019 -0.75276 0.56949 0 -0.00774 0.55769 0.02983 1
keyframe: 16 -0.22427 0.66597 0.71145 0 -0.91376 0.11003 -0.39105 0 -0.33872 -0.73781 0.58386 0 -0.0078 0.55638 0.03185 1
keyframe: 17 -0.21628 0.68685 0.69386 0 -0.91565 0.10392 -0.38829 0 -0.33881 -0.71932 0.60644 0 -0.00822 0.55482 0.0349 1
keyframe: 18 -0.20696 0.70863 0.67454 0 -0.9193 0.09503 -0.3819 0 -0.33473 -0.69914 0.63177 0 -0.0088 0.55315 0.03824 1
keyframe: 19 -0.19596 0.73088 0.65376 0 -0.92441 0.08475 -0.37184 0 -0.32718 -0.67722 0.65902 0 -0.00956 0.55093 0.04179 1
keyframe: 20 -0.18303 0.7532 0.6318 0 -0.93061 0.07444 -0.35834 0 -0.31693 -0.65355 0.68731 0 -0.01041 0.54784 0.04549 1
keyframe: 21 -0.16692 0.77546 0.60893 0 -0.938 0.06539 -0.3404 0 -0.30379 -0.62799 0.71646 0 -0.01114 0.54364 0.04916 1
keyframe: 22 -0.14791 0.79734 0.58511 0 -0.94701 0.05635 -0.3162 0 -0.28509 -0.60088 0.74676 0 -0.01194 0.53868 0.05273 1
keyframe: 23 -0.12669 0.8188 0.55991 0 -0.95703 0.04751 -0.28604 0 -0.26081 -0.5721 0.7776 0 -0.01292 0.53309 0.05626 1
keyframe: 24 -0.1046 0.8397 0.53287 0 -0.9667 0.03997 -0.25274 0 -0.23353 -0.54157 0.80756 0 -0.01414 0.5269 0.06008 1
keyframe: 25 -0.08275 0.85985 0.50378 0 -0.9752 0.03423 -0.21862 0 -0.20523 -0.50938 0.8357 0 -0.01569 0.5201 0.06424 1
keyframe: 26 -0.06216 0.87921 0.47234 0 -0.9819 0.03093 -0.18682 0 -0.17886 -0.47541 0.86138 0 -0.01725 0.51254 0.06872 1
keyframe: 27 -0.04367 0.89757 0.43868 0 -0.98669 0.03008 -0.15979 0 -0.15663 -0.43982 0.88431 0 -0.01893 0.5042 0.07361 1
keyframe: 28 -0.02806 0.91523 0.40193 0 -0.98903 0.0329 -0.14399 0 -0.14501 -0.40156 0.90427 0 -0.02065 0.49466 0.07891 1
keyframe: 29 -0.02279 0.93564 0.35219 0 -0.9881 0.0325 -0.15032 0 -0.1521 -0.35143 0.92377 0 -0.0221 0.47937 0.08753 1
keyframe: 30 -0.03754 0.96177 0.27124 0 -0.9846 0.01077 -0.17448 0 -0.17073 -0.27362 0.94656 0 -0.02377 0.45402 0.10249 1
keyframe: 31 -0.10657 0.98178 0.1573 0 -0.9701 -0.06797 -0.23298 0 -0.21804 -0.17743 0.95967 0 -0.02681 0.40783 0.13188 1
keyframe: 32 -0.15798 0.98185 0.10488 0 -0.94845 -0.12134 -0.29274 0 -0.2747 -0.14572 0.95041 0 -0.02477 0.37948 0.15646 1
keyframe: 33 -0.17648 0.97761 0.11455 0 -0.93069 -0.12785 -0.34272 0 -0.3204 -0.16709 0.93242 0 -0.01655 0.38503 0.16712 1
keyframe: 34 -0.19873 0.96823 0.15174 0 -0.91039 -0.12505 -0.39438 0 -0.36288 -0.21652 0.90632 0 -0.01081 0.39158 0.17646 1
keyframe: 35 -0.21539 0.95995 0.17911 0 -0.88621 -0.11511 -0.44874 0 -0.41015 -0.25539 0.87552 0 -0.00744 0.3867 0.18432 1
keyframe: 36 -0.20867 0.96026 0.18532 0 -0.86829 -0.09471 -0.48692 0 -0.45002 -0.26252 0.85355 0 -0.00316 0.38615 0.19007 1
keyframe: 37 -0.18408 0.96178 0.20268 0 -0.87206 -0.06468 -0.48509 0 -0.45344 -0.26604 0.85064 0 0.00164 0.38982 0.19475 1
keyframe: 38 -0.15788 0.95944 0.23353 0 -0.89373 -0.03828 -0.44695 0 -0.41989 -0.27928 0.86353 0 0.0042 0.39256 0.19773 1
keyframe: 39 -0.13192 0.95777 0.25545 0 -0.91101 -0.01557 -0.41208 0 -0.3907 -0.28708 0.8746 0 0.00578 0.39438 0.20101 1
keyframe: 40 -0.1088 0.9571 0.26853 0 -0.92185 0.00392 -0.38752 0 -0.37195 -0.28971 0.88188 0 0.00566 0.39577 0.20605 1
keyframe: 41 -0.09323 0.955 0.28154 0 -0.9292 0.0181 -0.36912 0 -0.35761 -0.29602 0.8857 0 0.00351 0.39669 0.21187 1
keyframe: 42 -0.08055 0.95036 0.30052 0 -0.93518 0.03226 -0.3527 0 -0.34489 -0.30945 0.88616 0 0.00026 0.39709 0.21861 1
keyframe: 43 -0.07083 0.94422 0.3216 0 -0.93836 0.04627 -0.34253 0 -0.33831 -0.32604 0.88274 0 -0.0037 0.39717 0.22593 1
keyframe: 44 -0.06582 0.93625 0.3451 0 -0.94168 0.05609 -0.33179 0 -0.33 -0.34681 0.87795 0 -0.00834 0.39685 0.23384 1
keyframe: 45 -0.06292 0.92686 0.37008 0 -0.94525 0.06363 -0.32007 0 -0.32021 -0.36996 0.87211 0 -0.01334 0.39627 0.24158 1
keyframe: 46 -0.06168 0.91598 0.39644 0 -0.95463 0.06177 -0.29128 0 -0.2913 -0.39643 0.87062 0 -0.0197 0.39545 0.24863 1
keyframe: 47 -0.05737 0.90477 0.42201 0 -0.96653 0.05551 -0.25043 0 -0.25002 -0.42225 0.87131 0 -0.02648 0.39413 0.2568 1
keyframe: 48 -0.05025 0.89333 0.44657 0 -0.97809 0.0464 -0.2029 0 -0.20198 -0.44698 0.87143 0 -0.03318 0.39242 0.26543 1
keyframe: 49 -0.04264 0.87819 0.47639 0 -0.98639 0.03876 -0.15976 0 -0.15877 -0.47672 0.86459 0 -0.03989 0.39002 0.27534 1
keyframe: 50 -0.03341 0.8562 0.51555 0 -0.99219 0.0336 -0.12011 0 -0.12017 -0.51553 0.84839 0 -0.04675 0.38637 0.28768 1
keyframe: 51 -0.02145 0.82607 0.56315 0 -0.99625 0.02955 -0.0813 0 -0.0838 -0.56278 0.82234 0 -0.05362 0.38128 0.30239 1
keyframe: 52 -0.00644 0.79141 0.61124 0 -0.9988 0.02448 -0.04223 0 -0.04838 -0.61078 0.79031 0 -0.06005 0.37532 0.31771 1
keyframe: 53 0.01315 0.7467 0.66502 0 -0.99987 0.0157 0.00214 0 -0.00884 -0.66496 0.74681 0 -0.06606 0.3673 0.33545 1
keyframe: 54 0.0414 0.6756 0.73609 0 -0.99753 -0.01385 0.06882 0 0.05669 -0.73713 0.67336 0 -0.07314 0.353 0.36139 1
keyframe: 55 0.07982 0.58765 0.80516 0 -0.9883 -0.05863 0.14077 0 0.12993 -0.80698 0.57609 0 -0.07965 0.33285 0.39129 1
keyframe: 56 0.12027 0.48683 0.86517 0 -0.97494 -0.10634 0.19537 0 0.18712 -0.86699 0.46184 0 -0.08689 0.30259 0.42844 1
keyframe: 57 0.16954 0.35785 0.91825 0 -0.95712 -0.16228 0.23995 0 0.23488 -0.91956 0.31499 0 -0.09433 0.25617 0.47426 1
keyframe: 58 0.21696 0.23199 0.94821 0 -0.93515 -0.22925 0.27006 0 0.28003 -0.94531 0.16721 0 -0.09861 0.19305 0.51438 1
keyframe: 59 0.24212 0.11898 0.96292 0 -0.88792 -0.37287 0.26934 0 0.3911 -0.92021 0.01536 0 -0.10218 0.12271 0.54221 1
keyframe: 60 0.25719 0.01807 0.96618 0 -0.82108 -0.52314 0.22835 0 0.50958 -0.85205 -0.11971 0 -0.10749 0.08317 0.56246 1
keyframe: 61 0.26877 -0.01132 0.96313 0 -0.8412 -0.48984 0.22898 0 0.46919 -0.87173 -0.14118 0 -0.10598 0.07131 0.58076 1
keyframe: 62 0.28219 -0.01984 0.95915 0 -0.84734 -0.47397 0.23949 0 0.44985 -0.88031 -0.15057 0 -0.10245 0.07167 0.58915 1
keyframe: 63 0.28991 -0.03188 0.95652 0 -0.85853 -0.45032 0.2452 0 0.42293 -0.89229 -0.15793 0 -0.10083 0.07225 0.59241 1
keyframe: 64 0.2918 -0.04085 0.9556 0 -0.8759 -0.41277 0.24982 0 0.38424 -0.90991 -0.15622 0 -0.10052 0.07074 0.59331 1
keyframe: 65 0.29188 -0.051 0.95509 0 -0.89867 -0.35644 0.2556 0 0.3274 -0.93292 -0.14987 0 -0.09818 0.06669 0.59248 1
keyframe: 66 0.28586 -0.06402 0.95612 0 -0.92226 -0.28931 0.25636 0 0.2602 -0.95509 -0.14175 0 -0.09466 0.06377 0.58966 1
keyframe: 67 0.27891 -0.07619 0.95728 0 -0.93853 -0.23271 0.25493 0 0.20334 -0.96955 -0.13642 0 -0.09165 0.06132 0.58315 1
keyframe: 68 0.27308 -0.08009 0.95864 0 -0.94607 -0.20285 0.25255 0 0.17423 -0.97592 -0.13117 0 -0.08955 0.05741 0.57571 1
keyframe: 69 0.26565 -0.08048 0.9607 0 -0.94946 -0.19464 0.24623 0 0.16717 -0.97756 -0.12813 0 -0.08941 0.05654 0.57434 1
keyframe: 70 0.25981 -0.08259 0.96211 0 -0.95141 -0.19239 0.2404 0 0.16524 -0.97783 -0.12857 0 -0.09044 0.05714 0.57341 1
keyframe: 71 0.25917 -0.0892 0.9617 0 -0.95092 -0.19784 0.23791 0 0.16904 -0.97616 -0.1361 0 -0.09095 0.057 0.57438 1
keyframe: 72 0.26139 -0.09816 0.96022 0 -0.94891 -0.20829 0.23701 0 0.17674 -0.97312 -0.14759 0 -0.09182 0.05523 0.57574 1
keyframe: 73 0.26514 -0.10528 0.95844 0 -0.94577 -0.22185 0.23727 0 0.18765 -0.96937 -0.1584 0 -0.0925 0.05296 0.57655 1

#Bone: head 
globalBindposeInverse: 0 -1 0 0 0.99999 0 0 0 0 0 0.99999 0 -0.63789 0.00205 -0.00115 1
keyframe: 0 -0.19806 0.9632 0.18169 0 -0.77976 -0.0425 -0.62463 0 -0.59392 -0.26539 0.75948 0 -0.03829 0.5684 0.03 1
keyframe: 1 -0.19397 0.96048 0.19958 0 -0.79913 -0.0367 -0.60002 0 -0.56899 -0.27588 0.77468 0 -0.03345 0.56973 0.02602 1
keyframe: 2 -0.17252 0.95939 0.22316 0 -0.81638 -0.0125 -0.57737 0 -0.55113 -0.28179 0.78539 0 -0.02701 0.572 0.02296 1
keyframe: 3 -0.14937 0.94191 0.30079 0 -0.83258 0.04428 -0.55212 0 -0.53337 -0.33291 0.77761 0 -0.02811 0.57664 0.03337 1
keyframe: 4 -0.17204 0.87154 0.45914 0 -0.86669 0.08761 -0.49107 0 -0.46822 -0.48242 0.74029 0 -0.03342 0.58221 0.04706 1
keyframe: 5 -0.24131 0.69835 0.67384 0 -0.89688 0.10469 -0.42969 0 -0.37062 -0.70805 0.60107 0 -0.03413 0.58757 0.05644 1
keyframe: 6 -0.30028 0.4615 0.83477 0 -0.90923 0.12604 -0.39675 0 -0.28832 -0.87813 0.38176 0 -0.03021 0.59016 0.05959 1
keyframe: 7 -0.3012 0.30168 0.90457 0 -0.92337 0.14453 -0.35566 0 -0.23803 -0.94238 0.23503 0 -0.02529 0.59049 0.06154 1
keyframe: 8 -0.28249 0.28182 0.91693 0 -0.93102 0.14968 -0.33284 0 -0.23105 -0.94771 0.2201 0 -0.02165 0.58999 0.06219 1
keyframe: 9 -0.27093 0.31542 0.90945 0 -0.93232 0.14906 -0.32945 0 -0.23948 -0.93716 0.25368 0 -0.01926 0.59025 0.06202 1
keyframe: 10 -0.26109 0.35779 0.89655 0 -0.93275 0.14566 -0.32976 0 -0.24858 -0.92236 0.2957 0 -0.01765 0.59121 0.06166 1
keyframe: 11 -0.25471 0.4106 0.87551 0 -0.93295 0.13381 -0.33419 0 -0.25437 -0.90193 0.34899 0 -0.01781 0.59226 0.06264 1
keyframe: 12 -0.24789 0.4642 0.85033 0 -0.93165 0.12646 -0.34063 0 -0.26566 -0.87665 0.40112 0 -0.01859 0.59282 0.06447 1
keyframe: 13 -0.24485 0.4972 0.83236 0 -0.9288 0.12599 -0.34849 0 -0.27814 -0.85843 0.43095 0 -0.0191 0.59276 0.06586 1
keyframe: 14 -0.24581 0.51544 0.82091 0 -0.92492 0.12862 -0.35772 0 -0.28997 -0.84721 0.44512 0 -0.01947 0.59245 0.06707 1
keyframe: 15 -0.24758 0.53075 0.81055 0 -0.9207 0.13159 -0.36739 0 -0.30165 -0.83724 0.45609 0 -0.01979 0.59206 0.06827 1
keyframe: 16 -0.24521 0.55122 0.79751 0 -0.91834 0.13152 -0.37328 0 -0.31065 -0.82392 0.47396 0 -0.01968 0.59164 0.06952 1
keyframe: 17 -0.24224 0.56877 0.78601 0 -0.91934 0.12431 -0.3733 0 -0.31003 -0.81304 0.49278 0 -0.01967 0.59119 0.07164 1
keyframe: 18 -0.24227 0.57726 0.77978 0 -0.92186 0.11356 -0.37049 0 -0.30243 -0.80862 0.50464 0 -0.01976 0.59067 0.07396 1
keyframe: 19 -0.2414 0.58527 0.77406 0 -0.92547 0.10109 -0.36506 0 -0.29191 -0.80451 0.51724 0 -0.01993 0.58963 0.07641 1
keyframe: 20 -0.2368 0.59963 0.76443 0 -0.92969 0.0886 -0.35751 0 -0.28211 -0.79535 0.53649 0 -0.02011 0.58772 0.07894 1
keyframe: 21 -0.22597 0.6253 0.74695 0 -0.93431 0.07787 -0.34784 0 -0.27567 -0.77648 0.56662 0 -0.01998 0.5847 0.0814 1
keyframe: 22 -0.21158 0.65479 0.72558 0 -0.93998 0.06699 -0.33456 0 -0.26768 -0.75283 0.60132 0 -0.01977 0.5809 0.08371 1
keyframe: 23 -0.19445 0.68659 0.70055 0 -0.94653 0.05608 -0.3177 0 -0.25742 -0.72487 0.63897 0 -0.01963 0.57644 0.08591 1
keyframe: 24 -0.17622 0.71822 0.67312 0 -0.95308 0.04648 -0.29911 0 -0.24612 -0.69425 0.67633 0 -0.01968 0.57136 0.0883 1
keyframe: 25 -0.15808 0.74785 0.64476 0 -0.95915 0.03881 -0.28018 0 -0.23456 -0.66272 0.71117 0 -0.02007 0.56563 0.09092 1
keyframe: 26 -0.14115 0.77361 0.61773 0 -0.96419 0.03406 -0.26298 0 -0.22449 -0.63274 0.7411 0 -0.02054 0.5591 0.09373 1
keyframe: 27 -0.12644 0.79466 0.59374 0 -0.96796 0.03205 -0.24903 0 -0.21693 -0.6062 0.76514 0 -0.02124 0.55173 0.09684 1
keyframe: 28 -0.11506 0.81009 0.57489 0 -0.96945 0.03461 -0.24281 0 -0.21661 -0.58527 0.78136 0 -0.02214 0.54312 0.1002 1
keyframe: 29 -0.11155 0.82976 0.54685 0 -0.96769 0.0345 -0.24975 0 -0.2261 -0.55704 0.7991 0 -0.02331 0.52891 0.10617 1
keyframe: 30 -0.11862 0.87031 0.47799 0 -0.96558 0.01111 -0.25986 0 -0.23147 -0.49237 0.83903 0 -0.02576 0.50495 0.11685 1
keyframe: 31 -0.17013 0.93022 0.32517 0 -0.95689 -0.07714 -0.27999 0 -0.23537 -0.35879 0.90325 0 -0.03245 0.45982 0.14021 1
keyframe: 32 -0.22495 0.95296 0.2031 0 -0.93603 -0.15346 -0.31668 0 -0.27061 -0.26135 0.92653 0 -0.03314 0.43147 0.16202 1
keyframe: 33 -0.26062 0.95449 0.14493 0 -0.90898 -0.19202 -0.36995 0 -0.32529 -0.22816 0.91767 0 -0.0259 0.43679 0.17319 1
keyframe: 34 -0.29589 0.94625 0.13059 0 -0.87472 -0.21348 -0.43505 0 -0.38379 -0.24296 0.89088 0 -0.02133 0.44285 0.1845 1
keyframe: 35 -0.31276 0.93806 0.14903 0 -0.84432 -0.20269 -0.49601 0 -0.43508 -0.28097 0.85542 0 -0.01885 0.43753 0.1938 1
keyframe: 36 -0.30601 0.92981 0.20444 0 -0.83184 -0.1567 -0.53243 0 -0.46302 -0.33299 0.82141 0 -0.01421 0.43699 0.19989 1
keyframe: 37 -0.28588 0.91792 0.2751 0 -0.84158 -0.10321 -0.53017 0 -0.45826 -0.38309 0.80201 0 -0.0081 0.44074 0.20548 1
keyframe: 38 -0.25973 0.90366 0.34047 0 -0.86641 -0.06236 -0.49541 0 -0.42645 -0.42366 0.79915 0 -0.00415 0.44337 0.2101 1
keyframe: 39 -0.23841 0.88299 0.40431 0 -0.88781 -0.02942 -0.45925 0 -0.39362 -0.46845 0.79095 0 -0.00119 0.44509 0.21453 1
keyframe: 40 -0.21431 0.86397 0.45565 0 -0.90459 0.00042 -0.42626 0 -0.36847 -0.50354 0.78145 0 -9e-05 0.44645 0.22027 1
keyframe: 41 -0.18511 0.85986 0.47577 0 -0.91634 0.02387 -0.39967 0 -0.35502 -0.50995 0.78351 0 -0.00142 0.44726 0.22678 1
keyframe: 42 -0.15667 0.86187 0.48231 0 -0.92508 0.04298 -0.37731 0 -0.34593 -0.50529 0.79057 0 -0.00399 0.44742 0.23453 1
keyframe: 43 -0.1326 0.86573 0.48262 0 -0.93055 0.05893 -0.36138 0 -0.3413 -0.49702 0.79779 0 -0.00746 0.44717 0.24296 1
keyframe: 44 -0.11064 0.86549 0.48854 0 -0.93712 0.07285 -0.3413 0 -0.33099 -0.49558 0.80301 0 -0.01183 0.44642 0.25212 1
keyframe: 45 -0.09095 0.862 0.49867 0 -0.94376 0.08521 -0.31943 0 -0.31785 -0.49968 0.80578 0 -0.01667 0.44535 0.26118 1
keyframe: 46 -0.0776 0.85429 0.51396 0 -0.9541 0.08593 -0.28689 0 -0.28925 -0.51263 0.80841 0 -0.02296 0.44395 0.26962 1
keyframe: 47 -0.06839 0.84311 0.53336 0 -0.96556 0.07856 -0.24801 0 -0.25101 -0.53196 0.8087 0 -0.02952 0.44204 0.27915 1
keyframe: 48 -0.05988 0.82921 0.55571 0 -0.97674 0.06614 -0.20395 0 -0.20587 -0.555 0.80596 0 -0.03584 0.43972 0.28908 1
keyframe: 49 -0.05188 0.81139 0.58219 0 -0.98506 0.05427 -0.16343 0 -0.1642 -0.58197 0.79645 0 -0.04215 0.43652 0.30057 1
keyframe: 50 -0.04041 0.78759 0.61487 0 -0.99119 0.04607 -0.12417 0 -0.12612 -0.61447 0.77879 0 -0.04852 0.4317 0.31498 1
keyframe: 51 -0.02277 0.75715 0.65283 0 -0.99567 0.04163 -0.08302 0 -0.09004 -0.6519 0.75293 0 -0.05475 0.42502 0.3322 1
keyframe: 52 -0.00128 0.72391 0.68988 0 -0.99848 0.03706 -0.04075 0 -0.05507 -0.68889 0.72276 0 -0.06039 0.41722 0.35007 1
keyframe: 53 0.02767 0.68372 0.72921 0 -0.99946 0.03177 0.00814 0 -0.01759 -0.72905 0.68423 0 -0.06536 0.40684 0.37066 1
keyframe: 54 0.06924 0.62875 0.77451 0 -0.99673 0.01134 0.0799 0 0.04145 -0.77752 0.62748 0 -0.07095 0.38878 0.40037 1
keyframe: 55 0.11917 0.5692 0.81351 0 -0.98673 -0.02305 0.16068 0 0.11021 -0.82187 0.5589 0 -0.07542 0.36397 0.43392 1
keyframe: 56 0.17569 0.5234 0.83377 0 -0.96801 -0.06225 0.24305 0 0.17912 -0.8498 0.49572 0 -0.08052 0.32837 0.47426 1
keyframe: 57 0.24379 0.49085 0.83643 0 -0.93345 -0.11519 0.33968 0 0.26309 -0.86359 0.4301 0 -0.08536 0.27512 0.52288 1
keyframe: 58 0.29875 0.47132 0.82981 0 -0.88087 -0.19832 0.42979 0 0.36714 -0.85937 0.35592 0 -0.08712 0.20533 0.56459 1
keyframe: 59 0.33431 0.34317 0.87776 0 -0.79881 -0.39105 0.45713 0 0.50012 -0.85399 0.14339 0 -0.08936 0.12901 0.5932 1
keyframe: 60 0.43599 -0.04932 0.89859 0 -0.73114 -0.6016 0.32172 0 0.52472 -0.79727 -0.29835 0 -0.09388 0.08413 0.61362 1
keyframe: 61 0.50636 -0.28247 0.81474 0 -0.75748 -0.59722 0.26372 0 0.41208 -0.75068 -0.51638 0 -0.09175 0.07071 0.63175 1
keyframe: 62 0.57439 -0.26401 0.77483 0 -0.72195 -0.60952 0.3275 0 0.38581 -0.74751 -0.54071 0 -0.08751 0.07062 0.63994 1
keyframe: 63 0.61381 -0.23531 0.75356 0 -0.70465 -0.59368 0.38858 0 0.35593 -0.76951 -0.53023 0 -0.08548 0.07056 0.64306 1
keyframe: 64 0.62592 -0.24155 0.74153 0 -0.71533 -0.55657 0.4225 0 0.31066 -0.7949 -0.52117 0 -0.08506 0.06858 0.64391 1
keyframe: 65 0.61373 -0.30245 0.72928 0 -0.74976 -0.51267 0.41835 0 0.24734 -0.80354 -0.54141 0 -0.08272 0.06399 0.64305 1
keyframe: 66 0.586 -0.36181 0.72504 0 -0.78232 -0.48573 0.3899 0 0.21111 -0.7957 -0.56769 0 -0.07952 0.06038 0.64028 1
keyframe: 67 0.56382 -0.38354 0.73143 0 -0.80034 -0.47231 0.36927 0 0.20382 -0.7936 -0.57327 0 -0.07688 0.05728 0.63383 1
keyframe: 68 0.54664 -0.39479 0.73845 0 -0.81191 -0.46566 0.35206 0 0.20488 -0.79201 -0.57508 0 -0.07509 0.05317 0.62647 1
keyframe: 69 0.52953 -0.40691 0.74432 0 -0.82051 -0.46838 0.32767 0 0.21529 -0.78424 -0.5819 0 -0.07535 0.05228 0.62521 1
keyframe: 70 0.51454 -0.41627 0.74964 0 -0.82628 -0.47433 0.30375 0 0.22913 -0.7757 -0.58802 0 -0.07669 0.05277 0.62435 1
keyframe: 71 0.50707 -0.41548 0.75515 0 -0.82534 -0.48654 0.2865 0 0.24837 -0.76853 -0.58962 0 -0.07723 0.05227 0.62531 1
keyframe: 72 0.5042 -0.4044 0.76304 0 -0.8199 -0.5016 0.27593 0 0.27115 -0.76475 -0.58448 0 -0.07798 0.05003 0.62658 1
keyframe: 73 0.50333 -0.38462 0.77376 0 -0.81204 -0.51662 0.27142 0 0.29535 -0.76495 -0.57237 0 -0.07846 0.04739 0.6273 1

#Bone: L_arm 
globalBindposeInverse: 0.99983 0.01801 0 0 -0.01801 0.99983 0 0 0 0 1 0 -0.0589 -0.58577 -0.00115 1
keyframe: 0 0.29919 -0.77781 0.5527 0 0.14198 0.60908 0.78029 0 -0.94357 -0.15498 0.29266 0 0.01918 0.51911 0.07059 1
keyframe: 1 0.38624 -0.761 0.52123 0 0.17762 0.61587 0.76755 0 -0.90513 -0.20387 0.37305 0 0.02496 0.52037 0.06515 1
keyframe: 2 0.57805 -0.72943 0.36575 0 0.19502 0.55873 0.80608 0 -0.79235 -0.39462 0.46523 0 0.03183 0.52153 0.05997 1
keyframe: 3 0.73519 -0.67293 0.08149 0 0.27653 0.40751 0.87032 0 -0.61888 -0.61732 0.48569 0 0.03325 0.52396 0.06235 1
keyframe: 4 0.76807 -0.63827 -0.05161 0 0.29217 0.27758 0.91519 0 -0.56982 -0.71801 0.39969 0 0.03414 0.5309 0.06055 1
keyframe: 5 0.7121 -0.70066 0.04429 0 0.13247 0.19606 0.9716 0 -0.68945 -0.68601 0.23244 0 0.03848 0.54172 0.05405 1
keyframe: 6 0.49925 -0.84412 0.19541 0 0.0443 0.25011 0.9672 0 -0.86531 -0.47422 0.16227 0 0.04394 0.54797 0.04955 1
keyframe: 7 0.32521 -0.9254 0.19455 0 0.18629 0.2644 0.94624 0 -0.9271 -0.27149 0.25839 0 0.04924 0.55016 0.04746 1
keyframe: 8 0.27266 -0.95443 0.12125 0 0.35669 0.21733 0.90858 0 -0.89354 -0.20449 0.3997 0 0.05283 0.55041 0.0459 1
keyframe: 9 0.25919 -0.96342 0.068 0 0.47031 0.18739 0.86237 0 -0.84358 -0.19153 0.50168 0 0.05508 0.55086 0.04465 1
keyframe: 10 0.25748 -0.96581 0.03007 0 0.55668 0.1737 0.81235 0 -0.78981 -0.19243 0.58238 0 0.05654 0.55189 0.04351 1
keyframe: 11 0.26924 -0.963 0.01169 0 0.6134 0.18083 0.76878 0 -0.74245 -0.19982 0.63939 0 0.05648 0.55297 0.04484 1
keyframe: 12 0.2848 -0.95858 0.00243 0 0.64996 0.19497 0.73452 0 -0.70458 -0.20761 0.67857 0 0.05576 0.55312 0.04786 1
keyframe: 13 0.30538 -0.95222 -0.00355 0 0.67565 0.21405 0.70545 0 -0.67098 -0.21783 0.70874 0 0.05515 0.55236 0.05057 1
keyframe: 14 0.33171 -0.94333 -0.00939 0 0.69534 0.23775 0.67821 0 -0.63754 -0.2315 0.7348 0 0.0546 0.55125 0.05307 1
keyframe: 15 0.36293 -0.93166 -0.01679 0 0.71112 0.26528 0.65109 0 -0.60214 -0.24824 0.7588 0 0.05406 0.55006 0.05558 1
keyframe: 16 0.39795 -0.91701 -0.02657 0 0.7306 0.29927 0.61372 0 -0.55483 -0.26365 0.78907 0 0.05384 0.54874 0.05797 1
keyframe: 17 0.43646 -0.89858 -0.04515 0 0.75574 0.33892 0.56033 0 -0.4882 -0.27869 0.82703 0 0.05355 0.54759 0.06084 1
keyframe: 18 0.47358 -0.87758 -0.07462 0 0.78019 0.37868 0.49788 0 -0.40867 -0.29401 0.86402 0 0.05322 0.54651 0.06375 1
keyframe: 19 0.50956 -0.85164 -0.12264 0 0.79859 0.41504 0.43587 0 -0.3203 -0.32005 0.8916 0 0.0528 0.54498 0.06663 1
keyframe: 20 0.53305 -0.82561 -0.18496 0 0.81365 0.44029 0.37961 0 -0.23197 -0.35285 0.90646 0 0.05236 0.54257 0.06943 1
keyframe: 21 0.52904 -0.81515 -0.23585 0 0.83308 0.44601 0.32715 0 -0.16148 -0.36957 0.91506 0 0.05212 0.53898 0.0719 1
keyframe: 22 0.50645 -0.81909 -0.2694 0 0.85604 0.44018 0.27096 0 -0.10336 -0.36785 0.92412 0 0.05192 0.53462 0.07385 1
keyframe: 23 0.47282 -0.83362 -0.28549 0 0.87905 0.42388 0.21814 0 -0.06082 -0.35411 0.93322 0 0.05161 0.52961 0.07535 1
keyframe: 24 0.43496 -0.85549 -0.28094 0 0.89949 0.39845 0.17928 0 -0.04143 -0.33069 0.94282 0 0.05104 0.52392 0.07694 1
keyframe: 25 0.40172 -0.88008 -0.2531 0 0.91482 0.37317 0.15442 0 -0.04145 -0.29358 0.95503 0 0.05005 0.51751 0.07881 1
keyframe: 26 0.38219 -0.90138 -0.20352 0 0.92241 0.35893 0.14252 0 -0.05542 -0.2422 0.96864 0 0.04894 0.51017 0.08115 1
keyframe: 27 0.37049 -0.91712 -0.14702 0 0.92557 0.35129 0.1411 0 -0.07775 -0.18835 0.97901 0 0.04757 0.50188 0.08424 1
keyframe: 28 0.35819 -0.92866 -0.09637 0 0.92863 0.34368 0.13971 0 -0.09663 -0.13953 0.98549 0 0.046 0.49214 0.08848 1
