#KeyframeAnimationInfo
Keyframe_Length: 26
BoneCount: 16
WeightVertexCount: 637

#Bone: hip 
globalBindposeInverse: 0 -1 0 0 0.99999 0 0 0 0 0 0.99999 0 -0.40047 0.00205 -0.00115 1
keyframe: 0 0.10976 0.98362 0.14295 0 -0.81621 0.00712 0.57769 0 0.56722 -0.18009 0.80363 0 -0.00788 0.38647 -0.00256 1
keyframe: 1 0.15597 0.97909 0.13053 0 -0.78382 0.04227 0.61953 0 0.60106 -0.19895 0.77403 0 -0.00741 0.39432 -0.00199 1
keyframe: 2 0.20303 0.96992 0.13425 0 -0.76497 0.07153 0.64006 0 0.61121 -0.23265 0.75649 0 -0.00689 0.40063 -0.0015 1
keyframe: 3 0.22929 0.96115 0.15365 0 -0.7613 0.07873 0.64359 0 0.60649 -0.26454 0.74978 0 -0.00496 0.4062 -0.0003 1
keyframe: 4 0.21186 0.96363 0.16283 0 -0.78242 0.06741 0.61909 0 0.5856 -0.25857 0.76825 0 -0.00046 0.40614 0.00295 1
keyframe: 5 0.17586 0.97188 0.15655 0 -0.81059 0.05272 0.58322 0 0.55857 -0.22947 0.79707 0 0.0017 0.40098 0.00511 1
keyframe: 6 0.14692 0.97941 0.13838 0 -0.83523 0.04789 0.5478 0 0.5299 -0.19607 0.82508 0 0.00274 0.39486 0.00537 1
keyframe: 7 0.13069 0.98455 0.11648 0 -0.85305 0.0518 0.51924 0 0.50519 -0.16723 0.84664 0 0.00357 0.38796 0.00392 1
keyframe: 8 0.11778 0.98831 0.09679 0 -0.87143 0.05613 0.48728 0 0.47615 -0.14173 0.86786 0 0.0029 0.38185 0.00143 1
keyframe: 9 0.10841 0.99107 0.07762 0 -0.88908 0.06173 0.45355 0 0.44471 -0.11818 0.88784 0 0.00163 0.3775 -0.00056 1
keyframe: 10 0.10046 0.99273 0.06615 0 -0.90978 0.06474 0.41 0 0.40274 -0.10137 0.90968 0 -0.00105 0.37491 -0.00339 1
keyframe: 11 0.08967 0.99323 0.07381 0 -0.9378 0.05925 0.34206 0 0.33537 -0.09989 0.93677 0 -0.00415 0.37585 -0.00705 1
keyframe: 12 0.06706 0.99269 0.1003 0 -0.96175 0.03756 0.27132 0 0.26557 -0.11466 0.95724 0 -0.00686 0.38137 -0.00854 1
keyframe: 13 0.05282 0.98992 0.13134 0 -0.97481 0.02258 0.22185 0 0.21665 -0.13975 0.96619 0 -0.00761 0.39021 -0.00675 1
keyframe: 14 0.04634 0.9855 0.16322 0 -0.97728 0.0109 0.21163 0 0.20679 -0.16932 0.96362 0 -0.00728 0.39776 -0.00347 1
keyframe: 15 0.0436 0.98055 0.19133 0 -0.976 0.00091 0.21773 0 0.21332 -0.19623 0.95707 0 -0.00528 0.4044 0.0009 1
keyframe: 16 0.05974 0.97753 0.20215 0 -0.97243 0.01127 0.23288 0 0.22537 -0.21049 0.95126 0 -0.00101 0.40602 0.00767 1
keyframe: 17 0.07686 0.9778 0.19491 0 -0.965 0.02379 0.26115 0 0.25071 -0.20816 0.94541 0 0.00481 0.4021 0.0148 1
keyframe: 18 0.08563 0.9797 0.18121 0 -0.95639 0.02985 0.29054 0 0.27924 -0.19819 0.93954 0 0.00834 0.39599 0.01736 1
keyframe: 19 0.07268 0.98308 0.16807 0 -0.94724 0.0153 0.32015 0 0.31217 -0.18248 0.93233 0 0.01134 0.38897 0.01905 1
keyframe: 20 0.04418 0.9865 0.15766 0 -0.93756 -0.01355 0.34753 0 0.34498 -0.16318 0.92431 0 0.00829 0.38271 0.01449 1
keyframe: 21 0.03476 0.98826 0.14872 0 -0.92462 -0.02467 0.38008 0 0.37929 -0.15072 0.91291 0 0.00507 0.37773 0.01042 1
keyframe: 22 0.03578 0.98916 0.14239 0 -0.90813 -0.02728 0.41778 0 0.41714 -0.14426 0.89731 0 0.00068 0.37382 0.00521 1
keyframe: 23 0.04614 0.98919 0.13918 0 -0.88626 -0.02374 0.46257 0 0.46087 -0.1447 0.87558 0 -0.00392 0.37149 0.0002 1
keyframe: 24 0.07173 0.98729 0.14176 0 -0.85281 -0.01299 0.52204 0 0.51725 -0.15835 0.84105 0 -0.00667 0.37648 -0.00203 1
keyframe: 25 0.10976 0.98362 0.14295 0 -0.81621 0.00711 0.57769 0 0.56721 -0.18009 0.80363 0 -0.00788 0.38647 -0.00256 1

#Bone: spine 
globalBindposeInverse: 0 -1 0 0 0.99999 0 0 0 0 0 0.99999 0 -0.46025 0.00205 -0.00115 1
keyframe: 0 0.12038 0.97564 0.18337 0 -0.88785 0.02318 0.45953 0 0.44408 -0.21813 0.86902 0 -0.00132 0.44526 0.00598 1
keyframe: 1 0.14172 0.97301 0.18211 0 -0.87577 0.03748 0.48126 0 0.46145 -0.22769 0.85744 0 0.0019 0.45285 0.0058 1
keyframe: 2 0.1627 0.96775 0.19228 0 -0.87161 0.04964 0.48767 0 0.4624 -0.24694 0.85158 0 0.00523 0.45861 0.00651 1
keyframe: 3 0.17047 0.96304 0.20854 0 -0.87318 0.04957 0.48486 0 0.4566 -0.26475 0.84936 0 0.00874 0.46365 0.00887 1
keyframe: 4 0.14804 0.96615 0.21125 0 -0.88656 0.03498 0.46128 0 0.43827 -0.25558 0.86173 0 0.0122 0.46374 0.01268 1
keyframe: 5 0.11769 0.97288 0.19909 0 -0.90276 0.0213 0.4296 0 0.41371 -0.2303 0.88079 0 0.01222 0.45907 0.01446 1
keyframe: 6 0.09444 0.97944 0.17823 0 -0.91737 0.01608 0.39768 0 0.38664 -0.20107 0.90004 0 0.01152 0.45341 0.01364 1
keyframe: 7 0.08167 0.98393 0.15874 0 -0.9264 0.0162 0.37617 0 0.36755 -0.17778 0.91284 0 0.01138 0.44681 0.01088 1
keyframe: 8 0.07261 0.98711 0.14262 0 -0.93484 0.01752 0.35462 0 0.34755 -0.15908 0.92406 0 0.00994 0.44092 0.00721 1
keyframe: 9 0.06679 0.98953 0.12792 0 -0.9424 0.02045 0.33384 0 0.32773 -0.14285 0.9339 0 0.00811 0.43674 0.00407 1
keyframe: 10 0.06457 0.99054 0.12101 0 -0.95123 0.02444 0.3075 0 0.30163 -0.13497 0.94382 0 0.00495 0.43425 0.00056 1
keyframe: 11 0.06523 0.98966 0.1277 0 -0.96444 0.02968 0.2626 0 0.25609 -0.14029 0.95641 0 0.0012 0.43522 -0.00264 1
keyframe: 12 0.06188 0.98761 0.14416 0 -0.97534 0.02918 0.21875 0 0.21183 -0.15414 0.96507 0 -0.00285 0.4407 -0.00254 1
keyframe: 13 0.06094 0.98465 0.16349 0 -0.98153 0.02937 0.189 0 0.1813 -0.17199 0.96826 0 -0.00445 0.44938 0.00109 1
keyframe: 14 0.0616 0.98073 0.18536 0 -0.98143 0.02573 0.19004 0 0.18161 -0.19362 0.96411 0 -0.00451 0.45667 0.00627 1
keyframe: 15 0.06213 0.97621 0.20771 0 -0.97847 0.01854 0.20555 0 0.1968 -0.21601 0.95634 0 -0.00267 0.46301 0.01233 1
keyframe: 16 0.07489 0.97325 0.21718 0 -0.97409 0.02479 0.22478 0 0.21338 -0.22839 0.94989 0 0.00255 0.46445 0.01976 1
keyframe: 17 0.08521 0.97389 0.21041 0 -0.9679 0.0308 0.24941 0 0.23642 -0.22491 0.94525 0 0.0094 0.46055 0.02645 1
keyframe: 18 0.09535 0.97461 0.20258 0 -0.96129 0.03731 0.27298 0 0.25849 -0.22077 0.94044 0 0.01346 0.45455 0.0282 1
keyframe: 19 0.09112 0.97619 0.19681 0 -0.95476 0.02947 0.2959 0 0.28305 -0.21487 0.93472 0 0.01568 0.44773 0.0291 1
keyframe: 20 0.07297 0.97877 0.19152 0 -0.94926 0.00926 0.31435 0 0.3059 -0.20474 0.92978 0 0.01093 0.44168 0.02391 1
keyframe: 21 0.06867 0.97997 0.1869 0 -0.94241 0.00225 0.33445 0 0.32733 -0.1991 0.92369 0 0.00715 0.4368 0.01931 1
keyframe: 22 0.07104 0.9803 0.18427 0 -0.93378 0.00041 0.35782 0 0.3507 -0.1975 0.91542 0 0.00282 0.43295 0.01372 1
keyframe: 23 0.07972 0.97985 0.1831 0 -0.92223 0.00279 0.38662 0 0.37832 -0.19969 0.90387 0 -0.00116 0.43062 0.00852 1
keyframe: 24 0.09593 0.97815 0.18441 0 -0.90476 0.00845 0.42581 0 0.41495 -0.20769 0.88581 0 -0.00238 0.43549 0.00644 1
keyframe: 25 0.12038 0.97564 0.18337 0 -0.88785 0.02318 0.45953 0 0.44408 -0.21813 0.86902 0 -0.00132 0.44526 0.00598 1

#Bone: upper 
globalBindposeInverse: 0 -1 0 0 0.99999 0 0 0 0 0 0.99999 0 -0.58494 0.00205 -0.00115 1
keyframe: 0 0.14913 0.95534 0.25508 0 -0.97286 0.09561 0.21071 0 0.17691 -0.27958 0.94367 0 0.01368 0.56692 0.02884 1
keyframe: 1 0.10786 0.95799 0.26572 0 -0.98278 0.06242 0.17388 0 0.14999 -0.2799 0.94823 0 0.01957 0.57418 0.02851 1
keyframe: 2 0.06669 0.95905 0.27526 0 -0.98989 0.029 0.13879 0 0.12512 -0.28173 0.95129 0 0.02552 0.57928 0.03049 1
keyframe: 3 0.03609 0.96053 0.27579 0 -0.99276 0.00284 0.12002 0 0.1145 -0.27812 0.95369 0 0.03 0.58374 0.03487 1
keyframe: 4 0.01117 0.96442 0.2641 0 -0.9941 -0.01777 0.10696 0 0.10785 -0.26374 0.95854 0 0.03066 0.58421 0.03902 1
keyframe: 5 -0.00351 0.96917 0.24633 0 -0.99516 -0.02755 0.09422 0 0.0981 -0.24481 0.96459 0 0.02689 0.58039 0.03929 1
keyframe: 6 -0.01633 0.9739 0.22635 0 -0.99634 -0.03483 0.07798 0 0.08383 -0.22425 0.97091 0 0.0233 0.57554 0.03586 1
keyframe: 7 -0.02683 0.97592 0.21645 0 -0.99625 -0.0439 0.07445 0 0.08216 -0.21365 0.97344 0 0.02157 0.56951 0.03068 1
keyframe: 8 -0.03455 0.97652 0.21259 0 -0.99592 -0.05139 0.07416 0 0.08335 -0.20916 0.97432 0 0.01899 0.56401 0.025 1
keyframe: 9 -0.03983 0.97658 0.21141 0 -0.99544 -0.05711 0.07627 0 0.08656 -0.2074 0.97441 0 0.01644 0.56013 0.02002 1
keyframe: 10 -0.03796 0.97491 0.2193 0 -0.99514 -0.05682 0.08035 0 0.09079 -0.21519 0.97234 0 0.013 0.55777 0.01565 1
keyframe: 11 -0.01334 0.97299 0.23045 0 -0.99568 -0.0341 0.08633 0 0.09186 -0.2283 0.96924 0 0.00933 0.55862 0.01327 1
keyframe: 12 0.02789 0.97213 0.23277 0 -0.99452 0.00352 0.10445 0 0.10072 -0.2344 0.9669 0 0.00485 0.56386 0.01543 1
keyframe: 13 0.06274 0.9712 0.22985 0 -0.99203 0.03548 0.12088 0 0.10924 -0.2356 0.96568 0 0.00314 0.57216 0.02148 1
keyframe: 14 0.08642 0.9691 0.23103 0 -0.98758 0.0528 0.14792 0 0.13115 -0.24094 0.96163 0 0.00316 0.57896 0.02939 1
keyframe: 15 0.10115 0.9654 0.24035 0 -0.98127 0.05701 0.18397 0 0.16391 -0.25446 0.95309 0 0.00507 0.58474 0.03824 1
keyframe: 16 0.10832 0.96305 0.24657 0 -0.97577 0.05558 0.21159 0 0.19006 -0.26352 0.94574 0 0.01189 0.58581 0.04684 1
keyframe: 17 0.10386 0.96497 0.24089 0 -0.9725 0.04777 0.22794 0 0.20845 -0.25794 0.9434 0 0.02003 0.58199 0.05268 1
keyframe: 18 0.11592 0.9626 0.24483 0 -0.96928 0.05581 0.2395 0 0.21688 -0.26507 0.93951 0 0.02535 0.57608 0.05346 1
keyframe: 19 0.13205 0.95842 0.25295 0 -0.9659 0.06708 0.25004 0 0.22268 -0.27735 0.9346 0 0.02705 0.56946 0.05364 1
keyframe: 20 0.13659 0.95649 0.2578 0 -0.96483 0.06945 0.25351 0 0.22457 -0.28336 0.93234 0 0.02003 0.56373 0.04779 1
keyframe: 21 0.14305 0.95436 0.26215 0 -0.9651 0.07581 0.25065 0 0.21934 -0.28886 0.9319 0 0.01571 0.559 0.04262 1
keyframe: 22 0.14852 0.95218 0.26699 0 -0.96585 0.0817 0.24587 0 0.2123 -0.29439 0.9318 0 0.01168 0.55519 0.0367 1
keyframe: 23 0.1542 0.95061 0.26934 0 -0.9665 0.08852 0.24088 0 0.20514 -0.29746 0.93243 0 0.00877 0.5528 0.03135 1
keyframe: 24 0.15205 0.95204 0.2655 0 -0.96841 0.0898 0.2326 0 0.1976 -0.29249 0.93562 0 0.00957 0.55746 0.02943 1
keyframe: 25 0.14913 0.95534 0.25508 0 -0.97286 0.09561 0.21071 0 0.17691 -0.27958 0.94367 0 0.01368 0.56692 0.02884 1

#Bone: head 
globalBindposeInverse: 0 -1 0 0 0.99999 0 0 0 0 0 0.99999 0 -0.63789 0.00205 -0.00115 1
keyframe: 0 0.09765 0.96445 0.24554 0 -0.98433 0.0572 0.16677 0 0.1468 -0.25798 0.95492 0 0.02158 0.61751 0.04235 1
keyframe: 1 0.05577 0.96591 0.25278 0 -0.99115 0.02302 0.13071 0 0.12044 -0.25784 0.95865 0 0.02529 0.62491 0.04258 1
keyframe: 2 0.01271 0.9665 0.25633 0 -0.99536 -0.0122 0.0954 0 0.09533 -0.25635 0.96186 0 0.02905 0.63007 0.04506 1
keyframe: 3 -0.01939 0.96773 0.25122 0 -0.99631 -0.03969 0.07599 0 0.08351 -0.24882 0.96494 0 0.03191 0.6346 0.04948 1
keyframe: 4 -0.04283 0.9705 0.23724 0 -0.99618 -0.05955 0.06374 0 0.07599 -0.2336 0.96935 0 0.03125 0.63528 0.05301 1
keyframe: 5 -0.05439 0.97349 0.22213 0 -0.99629 -0.06774 0.05292 0 0.06657 -0.21843 0.97357 0 0.02671 0.6317 0.05233 1
keyframe: 6 -0.06481 0.97642 0.20588 0 -0.99649 -0.07426 0.03848 0 0.05286 -0.20267 0.97781 0 0.02243 0.62711 0.04785 1
keyframe: 7 -0.07517 0.97736 0.19774 0 -0.99586 -0.08373 0.03529 0 0.05105 -0.19427 0.97961 0 0.02015 0.62118 0.04214 1
keyframe: 8 -0.08397 0.97727 0.19465 0 -0.99512 -0.09238 0.03449 0 0.05169 -0.1908 0.98026 0 0.01716 0.61572 0.03625 1
keyframe: 9 -0.09096 0.97679 0.19387 0 -0.99438 -0.09968 0.03566 0 0.05416 -0.18954 0.98037 0 0.01433 0.61184 0.03121 1
keyframe: 10 -0.0919 0.97508 0.20187 0 -0.99411 -0.10152 0.03781 0 0.05736 -0.19721 0.97868 0 0.01099 0.60939 0.02726 1
keyframe: 11 -0.07133 0.97443 0.21304 0 -0.9958 -0.08185 0.04096 0 0.05735 -0.20923 0.97618 0 0.00863 0.61014 0.02547 1
keyframe: 12 -0.03467 0.97566 0.21651 0 -0.99726 -0.04792 0.05623 0 0.06524 -0.21397 0.97465 0 0.00633 0.61533 0.02775 1
keyframe: 13 -0.00391 0.97669 0.2146 0 -0.99735 -0.01939 0.07009 0 0.07262 -0.21376 0.97418 0 0.00646 0.62359 0.03365 1
keyframe: 14 0.01806 0.97661 0.21423 0 -0.99539 -0.00259 0.09578 0 0.0941 -0.21497 0.97207 0 0.00774 0.63028 0.04162 1
keyframe: 15 0.03309 0.975 0.2197 0 -0.99136 0.00411 0.13105 0 0.12686 -0.22214 0.96672 0 0.01042 0.63586 0.05096 1
keyframe: 16 0.04117 0.97375 0.22382 0 -0.98738 0.00536 0.15825 0 0.1529 -0.22751 0.96169 0 0.01763 0.6368 0.05989 1
keyframe: 17 0.03996 0.97388 0.22351 0 -0.98456 0.00024 0.17499 0 0.17036 -0.22706 0.95886 0 0.02553 0.63308 0.06544 1
keyframe: 18 0.05619 0.97012 0.23599 0 -0.98244 0.01162 0.18617 0 0.17787 -0.24231 0.95375 0 0.03149 0.62705 0.06642 1
keyframe: 19 0.07555 0.96559 0.24884 0 -0.98007 0.02593 0.19692 0 0.18369 -0.25876 0.94831 0 0.03404 0.62021 0.06703 1
keyframe: 20 0.08155 0.96358 0.25465 0 -0.97909 0.02968 0.20122 0 0.18634 -0.26573 0.94586 0 0.02726 0.61438 0.06144 1
keyframe: 21 0.08835 0.96196 0.25849 0 -0.97923 0.03633 0.19946 0 0.18248 -0.27074 0.94519 0 0.02329 0.60954 0.0565 1
keyframe: 22 0.09373 0.96028 0.2628 0 -0.97967 0.04195 0.19614 0 0.17732 -0.27585 0.9447 0 0.01954 0.60561 0.05083 1
keyframe: 23 0.0993 0.95925 0.2645 0 -0.9801 0.04838 0.19249 0 0.17185 -0.27835 0.94497 0 0.01694 0.60313 0.04561 1
keyframe: 24 0.09798 0.96077 0.25945 0 -0.98134 0.04994 0.18564 0 0.1654 -0.2728 0.94774 0 0.01762 0.60787 0.04349 1
keyframe: 25 0.09765 0.96445 0.24554 0 -0.98433 0.05721 0.16677 0 0.1468 -0.25798 0.95492 0 0.02158 0.61751 0.04235 1

#Bone: L_arm 
globalBindposeInverse: 0.99983 0.01801 0 0 -0.01801 0.99983 0 0 0 0 1 0 -0.0589 -0.58577 -0.00115 1
keyframe: 0 0.39783 -0.90275 0.16361 0 0.71514 0.41684 0.56107 0 -0.57471 -0.1062 0.81143 0 0.0792 0.56016 0.01456 1
keyframe: 1 0.34663 -0.90744 0.23746 0 0.57571 0.40568 0.70991 0 -0.74054 -0.10937 0.66305 0 0.08577 0.56966 0.0167 1
keyframe: 2 0.30688 -0.90522 0.29392 0 0.41183 0.40471 0.81645 0 -0.85802 -0.12951 0.497 0 0.09221 0.57701 0.02104 1
keyframe: 3 0.2774 -0.90209 0.33056 0 0.27544 0.40429 0.87216 0 -0.92042 -0.15089 0.36063 0 0.09689 0.58323 0.02669 1
keyframe: 4 0.25517 -0.90151 0.34951 0 0.1963 0.40226 0.89423 0 -0.94675 -0.15956 0.27961 0 0.09765 0.58509 0.03173 1
keyframe: 5 0.23871 -0.9082 0.34378 0 0.19204 0.39117 0.90005 0 -0.9519 -0.14883 0.26779 0 0.09396 0.58192 0.03286 1
keyframe: 6 0.25525 -0.91255 0.31952 0 0.24564 0.38083 0.89141 0 -0.93514 -0.14904 0.32137 0 0.09045 0.57757 0.03053 1
keyframe: 7 0.29955 -0.91461 0.27156 0 0.34351 0.36894 0.86364 0 -0.89009 -0.16541 0.4247 0 0.08872 0.57214 0.02559 1
keyframe: 8 0.32974 -0.92232 0.20147 0 0.44762 0.34064 0.82679 0 -0.8312 -0.18244 0.52518 0 0.08612 0.56715 0.01993 1
keyframe: 9 0.35002 -0.92758 0.13063 0 0.57277 0.32228 0.7537 0 -0.74122 -0.18899 0.6441 0 0.08354 0.56366 0.01481 1
keyframe: 10 0.37841 -0.92487 0.03768 0 0.71875 0.31924 0.61763 0 -0.58326 -0.20663 0.78556 0 0.08008 0.56128 0.01016 1
keyframe: 11 0.40398 -0.90772 -0.11328 0 0.82366 0.30707 0.47673 0 -0.39795 -0.2859 0.87171 0 0.07644 0.5606 0.00738 1
keyframe: 12 0.40686 -0.86091 -0.30543 0 0.87904 0.27804 0.38725 0 -0.24846 -0.42604 0.86991 0 0.07187 0.5633 0.00831 1
keyframe: 13 0.38089 -0.79197 -0.47716 0 0.91316 0.24122 0.32854 0 -0.14509 -0.56087 0.81508 0 0.06998 0.56945 0.01326 1
keyframe: 14 0.33639 -0.72293 -0.60349 0 0.93945 0.21322 0.26824 0 -0.06524 -0.65719 0.75088 0 0.06969 0.57508 0.01934 1
keyframe: 15 0.29564 -0.65721 -0.69329 0 0.95528 0.19986 0.2179 0 -0.00464 -0.72672 0.68691 0 0.07117 0.58058 0.02576 1
keyframe: 16 0.27794 -0.59224 -0.75629 0 0.95998 0.19927 0.19675 0 0.03418 -0.78072 0.62393 0 0.07762 0.58175 0.0325 1
keyframe: 17 0.28524 -0.54016 -0.79173 0 0.95708 0.20459 0.20523 0 0.05111 -0.8163 0.57534 0 0.08554 0.57845 0.03724 1
keyframe: 18 0.31708 -0.51164 -0.79854 0 0.94791 0.19779 0.24966 0 0.0302 -0.83612 0.5477 0 0.09064 0.572 0.03723 1
keyframe: 19 0.3724 -0.52453 -0.76562 0 0.92805 0.21592 0.30347 0 0.00613 -0.82355 0.5672 0 0.0921 0.56462 0.0367 1
keyframe: 20 0.44918 -0.58118 -0.67857 0 0.89339 0.28524 0.34709 0 -0.00816 -0.76214 0.64735 0 0.08501 0.55873 0.03062 1
keyframe: 21 0.52421 -0.66675 -0.52975 0 0.84992 0.37078 0.37436 0 -0.05318 -0.64649 0.76105 0 0.08071 0.55358 0.02564 1
keyframe: 22 0.55886 -0.75428 -0.34455 0 0.81855 0.43523 0.37488 0 -0.1328 -0.49154 0.86066 0 0.07672 0.54937 0.02004 1
keyframe: 23 0.53583 -0.83013 -0.15413 0 0.80919 0.4528 0.3744 0 -0.24101 -0.32534 0.91436 0 0.07386 0.54652 0.01503 1
keyframe: 24 0.47615 -0.87919 0.01706 0 0.78479 0.43361 0.44279 0 -0.3967 -0.19744 0.89645 0 0.07479 0.5511 0.01367 1
keyframe: 25 0.39783 -0.90275 0.16361 0 0.71514 0.41684 0.56107 0 -0.57471 -0.1062 0.81143 0 0.0792 0.56016 0.01456 1

#Bone: L_arm2 
globalBindposeInverse: 0.99968 -0.02514 0 0 0.02514 0.99968 0 0 0 0 1 0 -0.19422 -0.57792 -0.00115 1
keyframe: 0 -0.32239 -0.48526 0.81276 0 0.75288 0.38899 0.53089 0 -0.57378 0.78307 0.23993 0 0.12304 0.46069 0.03259 1
keyframe: 1 -0.5446 -0.42561 0.72267 0 0.62123 0.37417 0.68852 0 -0.56345 0.82391 0.06063 0 0.12397 0.46967 0.04287 1
keyframe: 2 -0.72036 -0.3718 0.58552 0 0.46337 0.37017 0.80514 0 -0.5161 0.8513 -0.09437 0 0.12603 0.47727 0.05343 1
keyframe: 3 -0.83261 -0.32055 0.45165 0 0.33042 0.36694 0.86957 0 -0.44447 0.87326 -0.1996 0 0.12746 0.48383 0.06312 1
keyframe: 4 -0.89718 -0.25961 0.35729 0 0.25277 0.36153 0.89743 0 -0.36215 0.89548 -0.25874 0 0.12577 0.48575 0.07024 1
keyframe: 5 -0.92348 -0.1969 0.32925 0 0.24852 0.34674 0.90443 0 -0.29225 0.91705 -0.27127 0 0.12027 0.48185 0.07074 1
keyframe: 6 -0.91287 -0.16772 0.37219 0 0.30242 0.33456 0.89252 0 -0.27422 0.92732 -0.25469 0 0.11858 0.47701 0.06574 1
keyframe: 7 -0.86071 -0.18811 0.47305 0 0.40046 0.32353 0.85729 0 -0.31432 0.92732 -0.20313 0 0.12173 0.47136 0.05551 1
keyframe: 8 -0.77875 -0.2514 0.57474 0 0.50266 0.29807 0.81146 0 -0.37532 0.92084 -0.10575 0 0.12246 0.46552 0.04213 1
keyframe: 9 -0.63608 -0.35808 0.68349 0 0.62253 0.2852 0.72877 0 -0.45589 0.88906 0.04151 0 0.12211 0.46145 0.0292 1
keyframe: 10 -0.39827 -0.50124 0.7682 0 0.759 0.29018 0.58284 0 -0.51506 0.81519 0.26487 0 0.12178 0.45936 0.01431 1
keyframe: 11 -0.18167 -0.61798 0.7649 0 0.85495 0.28505 0.43336 0 -0.48584 0.73269 0.47656 0 0.12096 0.46058 -0.0051 1
keyframe: 12 -0.0627 -0.69739 0.71393 0 0.90481 0.26213 0.33554 0 -0.42115 0.66702 0.61458 0 0.1167 0.46843 -0.02534 1
keyframe: 13 0.0042 -0.76608 0.64272 0 0.93432 0.23208 0.27051 0 -0.3564 0.59937 0.71674 0 0.11195 0.48218 -0.03931 1
keyframe: 14 0.06022 -0.82497 0.56195 0 0.95543 0.21063 0.20683 0 -0.28899 0.52445 0.80089 0 0.10676 0.49542 -0.04715 1
keyframe: 15 0.10466 -0.86844 0.48461 0 0.96682 0.20302 0.155 0 -0.233 0.45231 0.86088 0 0.10374 0.50816 -0.05063 1
keyframe: 16 0.13291 -0.89492 0.42596 0 0.96921 0.20724 0.13297 0 -0.20727 0.39517 0.89491 0 0.10825 0.51649 -0.05083 1
keyframe: 17 0.1466 -0.9095 0.38898 0 0.96612 0.21608 0.14111 0 -0.21239 0.35511 0.91037 0 0.11697 0.51893 -0.04999 1
keyframe: 18 0.13382 -0.92352 0.35944 0 0.95939 0.21161 0.18651 0 -0.24831 0.31988 0.91433 0 0.12558 0.51563 -0.05075 1
keyframe: 19 0.13279 -0.92426 0.35792 0 0.9427 0.22929 0.24234 0 -0.30606 0.30523 0.90175 0 0.13314 0.50682 -0.04765 1
keyframe: 20 0.16205 -0.89925 0.40628 0 0.91093 0.29462 0.28876 0 -0.37937 0.3233 0.86691 0 0.13451 0.49469 -0.04414 1
keyframe: 21 0.17993 -0.84759 0.49919 0 0.87068 0.37338 0.32014 0 -0.45774 0.37703 0.80517 0 0.13847 0.48011 -0.03273 1
keyframe: 22 0.16265 -0.77812 0.60668 0 0.84188 0.43011 0.32594 0 -0.51456 0.45773 0.72505 0 0.1383 0.46625 -0.01792 1
keyframe: 23 0.08743 -0.69957 0.70918 0 0.83472 0.43999 0.33111 0 -0.54368 0.56302 0.62242 0 0.13291 0.45505 -0.00195 1
keyframe: 24 -0.08591 -0.60578 0.79097 0 0.81543 0.41339 0.40517 0 -0.57243 0.6798 0.45845 0 0.12725 0.45422 0.01555 1
keyframe: 25 -0.32239 -0.48526 0.81276 0 0.75288 0.38899 0.53089 0 -0.57378 0.78307 0.23993 0 0.12304 0.46069 0.03259 1

#Bone: L_hand 
globalBindposeInverse: 0 -1 0 0 0.99999 0 0 0 0 0 0.99999 0 -0.58659 0.33744 -0.00115 1
keyframe: 0 0.74453 0.37666 0.55116 0 0.34122 0.49489 -0.79915 0 -0.57378 0.78307 0.23993 0 0.07215 0.38408 0.16089 1
keyframe: 1 0.60733 0.36335 0.70648 0 0.56005 0.43489 -0.70512 0 -0.56345 0.82391 0.06063 0 0.038 0.40248 0.15695 1
keyframe: 2 0.4451 0.3607 0.81961 0 0.73178 0.381 -0.56508 0 -0.5161 0.8513 -0.09437 0 0.01231 0.41857 0.14586 1
keyframe: 3 0.30938 0.35876 0.88066 0 0.84066 0.32968 -0.42963 0 -0.44447 0.87326 -0.1996 0 -0.00397 0.43322 0.13442 1
keyframe: 4 0.23013 0.35489 0.90613 0 0.90326 0.26862 -0.3346 0 -0.36215 0.89548 -0.25874 0 -0.01585 0.44477 0.12664 1
keyframe: 5 0.22522 0.34168 0.91242 0 0.92944 0.20555 -0.3064 0 -0.29225 0.91705 -0.27127 0 -0.0255 0.45077 0.12272 1
keyframe: 6 0.27937 0.33024 0.9016 0 0.92019 0.17608 -0.34963 0 -0.27422 0.92732 -0.25469 0 -0.02552 0.45053 0.1245 1
keyframe: 7 0.37868 0.31869 0.86892 0 0.87051 0.19619 -0.45134 0 -0.31432 0.92732 -0.20313 0 -0.01414 0.44166 0.13019 1
keyframe: 8 0.48292 0.29165 0.82566 0 0.79115 0.25881 -0.55415 0 -0.37532 0.92084 -0.10575 0 -0.00047 0.42583 0.13286 1
keyframe: 9 0.60634 0.2761 0.74572 0 0.65153 0.36514 -0.66495 0 -0.45589 0.88906 0.04151 0 0.0217 0.40492 0.1371 1
keyframe: 10 0.74874 0.27748 0.60198 0 0.41723 0.50838 -0.75329 0 -0.51506 0.81519 0.26487 0 0.05891 0.38024 0.13558 1
keyframe: 11 0.85011 0.26941 0.45246 0 0.20312 0.62495 -0.75376 0 -0.48584 0.73269 0.47656 0 0.09228 0.36302 0.11564 1
keyframe: 12 0.90295 0.24451 0.35339 0 0.08544 0.70377 -0.70526 0 -0.42115 0.66702 0.61458 0 0.1068 0.35834 0.08736 1
keyframe: 13 0.93413 0.21274 0.28659 0 0.01929 0.77168 -0.63571 0 -0.3564 0.59937 0.71674 0 0.11261 0.36125 0.06214 1
keyframe: 14 0.95664 0.18982 0.22089 0 -0.03617 0.83 -0.55657 0 -0.28899 0.52445 0.80089 0 0.11626 0.36519 0.04155 1
keyframe: 15 0.96915 0.18111 0.16714 0 -0.08031 0.87327 -0.48056 0 -0.233 0.45231 0.86088 0 0.12027 0.37107 0.02586 1
keyframe: 16 0.97224 0.18467 0.14364 0 -0.1085 0.89985 -0.42248 0 -0.20727 0.39517 0.89491 0 0.12923 0.37521 0.0164 1
keyframe: 17 0.9695 0.19314 0.15084 0 -0.12226 0.91465 -0.38531 0 -0.21239 0.35511 0.91037 0 0.14011 0.37536 0.01141 1
keyframe: 18 0.96245 0.18832 0.19549 0 -0.10965 0.92855 -0.35464 0 -0.24831 0.31988 0.91433 0 0.1467 0.36984 0.00598 1
keyframe: 19 0.94574 0.20597 0.25127 0 -0.10904 0.92973 -0.35171 0 -0.30606 0.30523 0.90175 0 0.1541 0.36092 0.00884 1
keyframe: 20 0.91472 0.27191 0.29889 0 -0.13909 0.90638 -0.39889 0 -0.37937 0.3233 0.86691 0 0.16009 0.35273 0.01999 1
keyframe: 21 0.87493 0.35195 0.33259 0 -0.15798 0.85672 -0.49099 0 -0.45774 0.37703 0.80517 0 0.16688 0.34631 0.04607 1
keyframe: 22 0.8457 0.4104 0.34109 0 -0.14143 0.78869 -0.59829 0 -0.51456 0.45773 0.72505 0 0.16398 0.34342 0.07784 1
keyframe: 23 0.83665 0.42226 0.34885 0 -0.06641 0.71042 -0.70063 0 -0.54368 0.56302 0.62242 0 0.14671 0.34461 0.10999 1
keyframe: 24 0.81301 0.39803 0.42494 0 0.10639 0.61598 -0.78053 0 -0.57244 0.6798 0.45845 0 0.11369 0.35859 0.14041 1
keyframe: 25 0.74453 0.37666 0.55116 0 0.34122 0.49489 -0.79915 0 -0.57378 0.78307 0.23993 0 0.07215 0.38408 0.16089 1

#Bone: R_arm 
globalBindposeInverse: -0.99995 -0.00925 0 0 -0.00925 0.99995 0 0 0 0 -1 0 -0.0631 -0.58423 0.00115 1
keyframe: 0 -0.46657 -0.71892 -0.51522 0 -0.87879 0.44278 0.17796 0 0.10018 0.53581 -0.83837 0 -0.05516 0.57241 0.04338 1
keyframe: 1 -0.43805 -0.67119 -0.598 0 -0.85954 0.50753 0.05998 0 0.26323 0.54028 -0.79924 0 -0.04992 0.57732 0.04043 1
keyframe: 2 -0.42074 -0.6276 -0.65504 0 -0.83174 0.55515 0.00233 0 0.36218 0.54581 -0.75558 0 -0.04442 0.58007 0.03992 1
keyframe: 3 -0.42579 -0.58964 -0.6863 0 -0.80605 0.59178 -0.00834 0 0.41106 0.54964 -0.72726 0 -0.04011 0.58267 0.04298 1
keyframe: 4 -0.44016 -0.56674 -0.69645 0 -0.77682 0.62936 -0.02119 0 0.45033 0.53169 -0.71728 0 -0.03951 0.58168 0.04622 1
keyframe: 5 -0.46499 -0.55751 -0.68772 0 -0.73855 0.67263 -0.04591 0 0.48818 0.48656 -0.72452 0 -0.04333 0.57716 0.04561 1
keyframe: 6 -0.48994 -0.57172 -0.65809 0 -0.6924 0.71387 -0.10468 0 0.52964 0.40437 -0.74562 0 -0.04699 0.57179 0.04107 1
keyframe: 7 -0.50897 -0.61332 -0.60396 0 -0.6417 0.73801 -0.20868 0 0.57373 0.28135 -0.7692 0 -0.0487 0.56512 0.03565 1
keyframe: 8 -0.51822 -0.66607 -0.53645 0 -0.61383 0.72644 -0.309 0 0.59552 0.16915 -0.78532 0 -0.05124 0.55909 0.02995 1
keyframe: 9 -0.52762 -0.73711 -0.42221 0 -0.64292 0.67136 -0.36866 0 0.55521 0.07693 -0.82814 0 -0.05375 0.55481 0.02512 1
keyframe: 10 -0.5198 -0.81158 -0.2667 0 -0.72482 0.58421 -0.36511 0 0.45214 0.00352 -0.89193 0 -0.05717 0.55247 0.02103 1
keyframe: 11 -0.51657 -0.84503 -0.13806 0 -0.81175 0.53462 -0.23501 0 0.27241 -0.00932 -0.96213 0 -0.06091 0.55493 0.01906 1
keyframe: 12 -0.52474 -0.85099 -0.02145 0 -0.85098 0.52504 -0.01218 0 0.02163 0.01185 -0.99969 0 -0.06536 0.56282 0.02249 1
keyframe: 13 -0.51306 -0.85473 0.07865 0 -0.82976 0.51734 0.20939 0 -0.21967 0.04216 -0.97466 0 -0.06695 0.57338 0.02971 1
keyframe: 14 -0.47882 -0.86303 0.16095 0 -0.7602 0.49929 0.41569 0 -0.43911 0.07668 -0.89514 0 -0.06664 0.58141 0.03952 1
keyframe: 15 -0.42896 -0.87165 0.23705 0 -0.63952 0.47838 0.60179 0 -0.63796 0.10654 -0.76265 0 -0.06431 0.58749 0.0509 1
keyframe: 16 -0.3636 -0.87374 0.32304 0 -0.48217 0.47323 0.73725 0 -0.79705 0.1123 -0.59337 0 -0.0571 0.58846 0.06144 1
keyframe: 17 -0.28691 -0.87383 0.39254 0 -0.35006 0.47707 0.80613 0 -0.8917 0.09388 -0.44277 0 -0.04873 0.58409 0.06845 1
keyframe: 18 -0.25754 -0.88798 0.381 0 -0.29327 0.44753 0.8448 0 -0.92068 0.10583 -0.37568 0 -0.0432 0.57875 0.07004 1
keyframe: 19 -0.28436 -0.91077 0.29938 0 -0.32466 0.3853 0.86378 0 -0.90206 0.14843 -0.40526 0 -0.04129 0.57293 0.07095 1
keyframe: 20 -0.31857 -0.92947 0.18596 0 -0.44856 0.32065 0.83424 0 -0.83504 0.18235 -0.51908 0 -0.04823 0.56737 0.06535 1
keyframe: 21 -0.35725 -0.93227 0.05682 0 -0.62691 0.28445 0.7253 0 -0.69234 0.22349 -0.68608 0 -0.05258 0.56309 0.05996 1
keyframe: 22 -0.38149 -0.92052 -0.08426 0 -0.79082 0.27782 0.54535 0 -0.47859 0.27468 -0.83396 0 -0.05667 0.5597 0.0537 1
keyframe: 23 -0.39548 -0.88959 -0.22851 0 -0.88606 0.30402 0.34993 0 -0.24182 0.34087 -0.90847 0 -0.05963 0.55779 0.04799 1
keyframe: 24 -0.43077 -0.82067 -0.3754 0 -0.90088 0.36645 0.23264 0 -0.05335 0.43841 -0.89718 0 -0.05897 0.56254 0.0455 1
keyframe: 25 -0.46657 -0.71892 -0.51522 0 -0.87879 0.44278 0.17796 0 0.10018 0.53581 -0.83837 0 -0.05516 0.57241 0.04338 1

#Bone: R_arm2 
globalBindposeInverse: -1 0 0 0 0 0.99999 0 0 0 0 -0.99999 0 -0.17571 -0.58262 0.00115 1
keyframe: 0 -0.41792 -0.88698 0.19647 0 -0.88343 0.44721 0.13978 0 -0.21184 -0.11515 -0.97049 0 -0.10518 0.49533 -0.01185 1
keyframe: 1 -0.51202 -0.85762 0.04801 0 -0.85774 0.51348 0.02479 0 -0.04591 -0.02848 -0.99853 0 -0.09688 0.50537 -0.02367 1
keyframe: 2 -0.55906 -0.82581 -0.07399 0 -0.82648 0.56217 -0.02973 0 0.06615 0.04453 -0.99681 0 -0.08952 0.51278 -0.03029 1
keyframe: 3 -0.58884 -0.7947 -0.14731 0 -0.79947 0.59947 -0.03834 0 0.11878 0.09519 -0.98834 0 -0.08575 0.51946 -0.03058 1
keyframe: 4 -0.62128 -0.76426 -0.17292 0 -0.76935 0.63683 -0.05041 0 0.14865 0.10171 -0.98364 0 -0.0867 0.52093 -0.02843 1
keyframe: 5 -0.66502 -0.73195 -0.14824 0 -0.73029 0.67889 -0.07594 0 0.15623 0.05775 -0.98603 0 -0.09318 0.51739 -0.0281 1
keyframe: 6 -0.713 -0.69566 -0.0876 0 -0.68321 0.7174 -0.1362 0 0.1576 -0.03726 -0.98679 0 -0.09951 0.5105 -0.02947 1
keyframe: 7 -0.75744 -0.65279 -0.01186 0 -0.63141 0.73702 -0.24106 0 0.16611 -0.1751 -0.97043 0 -0.10326 0.49937 -0.02909 1
keyframe: 8 -0.78221 -0.61837 0.07588 0 -0.60294 0.7207 -0.3421 0 0.15686 -0.31335 -0.93659 0 -0.1068 0.48769 -0.02755 1
keyframe: 9 -0.76406 -0.6168 0.18909 0 -0.63343 0.66168 -0.40116 0 0.12232 -0.42629 -0.89627 0 -0.11031 0.47579 -0.02013 1
keyframe: 10 -0.6919 -0.64677 0.32087 0 -0.71835 0.57217 -0.3957 0 0.07233 -0.50428 -0.8605 0 -0.1129 0.46546 -0.00755 1
keyframe: 11 -0.58168 -0.66516 0.46817 0 -0.81062 0.52167 -0.26598 0 -0.06731 -0.53423 -0.84265 0 -0.11629 0.46434 0.00426 1
keyframe: 12 -0.42706 -0.66358 0.61422 0 -0.85816 0.51148 -0.04408 0 -0.28491 -0.54592 -0.7879 0 -0.12162 0.47159 0.02019 1
keyframe: 13 -0.2295 -0.64448 0.72936 0 -0.84637 0.50217 0.1774 0 -0.48059 -0.5766 -0.66072 0 -0.12195 0.48175 0.03814 1
keyframe: 14 0.0212 -0.60368 0.79694 0 -0.78759 0.48091 0.38524 0 -0.61583 -0.63583 -0.46525 0 -0.11798 0.48889 0.05678 1
keyframe: 15 0.3019 -0.54271 0.78378 0 -0.67804 0.45569 0.57671 0 -0.67015 -0.70554 -0.2304 0 -0.1103 0.49404 0.07632 1
keyframe: 16 0.55763 -0.45856 0.69192 0 -0.52939 0.44556 0.72194 0 -0.63935 -0.76888 0.0057 0 -0.09609 0.49479 0.09608 1
keyframe: 17 0.73151 -0.37074 0.57222 0 -0.40115 0.4446 0.80087 0 -0.55132 -0.8154 0.1765 0 -0.07949 0.49041 0.11054 1
keyframe: 18 0.79766 -0.34376 0.49554 0 -0.34571 0.41264 0.84273 0 -0.49418 -0.84353 0.2103 0 -0.07081 0.48356 0.11088 1
keyframe: 19 0.78453 -0.37038 0.4973 0 -0.37792 0.35021 0.85704 0 -0.4916 -0.86032 0.13477 0 -0.07177 0.47529 0.10305 1
keyframe: 20 0.68661 -0.44364 0.57596 0 -0.49918 0.28827 0.81713 0 -0.52855 -0.84857 -0.02352 0 -0.08239 0.46772 0.08528 1
keyframe: 21 0.46355 -0.58642 0.66424 0 -0.66918 0.25967 0.69624 0 -0.58078 -0.76725 -0.27205 0 -0.09088 0.46315 0.06605 1
keyframe: 22 0.16566 -0.74182 0.6498 0 -0.81996 0.26247 0.50868 0 -0.54791 -0.61709 -0.56478 0 -0.09757 0.46102 0.04466 1
keyframe: 23 -0.10089 -0.84995 0.5171 0 -0.90269 0.29673 0.3116 0 -0.41829 -0.43534 -0.79718 0 -0.10203 0.46242 0.0235 1
keyframe: 24 -0.2828 -0.89198 0.35268 0 -0.9103 0.36546 0.19436 0 -0.30226 -0.26608 -0.91533 0 -0.10515 0.47456 0.00525 1
keyframe: 25 -0.41792 -0.88698 0.19647 0 -0.88343 0.44721 0.13978 0 -0.21184 -0.11515 -0.97049 0 -0.10518 0.49533 -0.01185 1

#Bone: R_hand 
globalBindposeInverse: 0 -1 0 0 0.99999 0 0 0 0 0 0.99999 0 -0.58262 -0.33352 -0.00115 1
keyframe: 0 -0.88343 0.44721 0.13978 0 -0.41792 -0.88698 0.19647 0 0.21184 0.11515 0.97049 0 -0.17114 0.35536 0.01915 1
keyframe: 1 -0.85774 0.51348 0.02479 0 -0.51202 -0.85762 0.04801 0 0.04591 0.02848 0.99853 0 -0.17769 0.37002 -0.01609 1
keyframe: 2 -0.82648 0.56217 -0.02973 0 -0.55906 -0.82581 -0.07399 0 -0.06615 -0.04453 0.99681 0 -0.17775 0.38246 -0.04197 1
keyframe: 3 -0.79947 0.59947 -0.03834 0 -0.58884 -0.7947 -0.14731 0 -0.11878 -0.09519 0.98834 0 -0.17868 0.39404 -0.05383 1
keyframe: 4 -0.76935 0.63683 -0.05041 0 -0.62128 -0.76426 -0.17292 0 -0.14865 -0.10171 0.98364 0 -0.18474 0.40031 -0.05572 1
keyframe: 5 -0.73029 0.67889 -0.07594 0 -0.66502 -0.73195 -0.14824 0 -0.15623 -0.05775 0.98603 0 -0.19813 0.40188 -0.0515 1
keyframe: 6 -0.68321 0.7174 -0.1362 0 -0.713 -0.69566 -0.0876 0 -0.1576 0.03726 0.98679 0 -0.21203 0.40072 -0.0433 1
keyframe: 7 -0.63141 0.73702 -0.24106 0 -0.75744 -0.65279 -0.01186 0 -0.16611 0.1751 0.97043 0 -0.2228 0.39635 -0.03097 1
keyframe: 8 -0.60294 0.7207 -0.3421 0 -0.78221 -0.61837 0.07588 0 -0.15686 0.31335 0.93659 0 -0.23024 0.3901 -0.01557 1
keyframe: 9 -0.63343 0.66168 -0.40116 0 -0.76406 -0.6168 0.18909 0 -0.12232 0.42629 0.89627 0 -0.23089 0.37845 0.0097 1
keyframe: 10 -0.71835 0.57217 -0.3957 0 -0.6919 -0.64677 0.32087 0 -0.07233 0.50428 0.8605 0 -0.22209 0.36339 0.04307 1
keyframe: 11 -0.81062 0.52167 -0.26598 0 -0.58168 -0.66516 0.46817 0 0.06731 0.53423 0.84265 0 -0.20809 0.35937 0.07814 1
keyframe: 12 -0.85816 0.51148 -0.04408 0 -0.42706 -0.66358 0.61422 0 0.28491 0.54592 0.7879 0 -0.18901 0.36687 0.11713 1
keyframe: 13 -0.84637 0.50217 0.1774 0 -0.2295 -0.64448 0.72936 0 0.48059 0.5766 0.66072 0 -0.15817 0.38004 0.15324 1
keyframe: 14 -0.78759 0.48091 0.38524 0 0.0212 -0.60368 0.79694 0 0.61583 0.63583 0.46525 0 -0.11463 0.39362 0.18255 1
keyframe: 15 -0.67804 0.45569 0.57671 0 0.3019 -0.54271 0.78378 0 0.67015 0.70554 0.2304 0 -0.06265 0.40839 0.20001 1
keyframe: 16 -0.52939 0.44556 0.72194 0 0.55763 -0.45856 0.69192 0 0.63935 0.76888 -0.0057 0 -0.00808 0.42242 0.20527 1
keyframe: 17 -0.40115 0.4446 0.80087 0 0.73151 -0.37074 0.57222 0 0.55132 0.8154 -0.1765 0 0.03594 0.4319 0.20084 1
keyframe: 18 -0.34571 0.41264 0.84273 0 0.79766 -0.34376 0.49554 0 0.49418 0.84353 -0.2103 0 0.05506 0.4293 0.18909 1
keyframe: 19 -0.37792 0.35021 0.85704 0 0.78453 -0.37038 0.4973 0 0.4916 0.86032 -0.13477 0 0.05203 0.41684 0.18153 1
keyframe: 20 -0.49918 0.28827 0.81713 0 0.68661 -0.44364 0.57596 0 0.52855 0.84857 0.02352 0 0.02596 0.39771 0.17618 1
keyframe: 21 -0.66918 0.25967 0.69624 0 0.46355 -0.58642 0.66424 0 0.58078 0.76725 0.27205 0 -0.01772 0.3706 0.17088 1
keyframe: 22 -0.81996 0.26247 0.50868 0 0.16566 -0.74182 0.6498 0 0.54791 0.61709 0.56478 0 -0.07143 0.34394 0.14721 1
keyframe: 23 -0.90269 0.29673 0.3116 0 -0.10089 -0.84995 0.5171 0 0.41829 0.43534 0.79718 0 -0.11795 0.32829 0.1051 1
keyframe: 24 -0.9103 0.36546 0.19436 0 -0.2828 -0.89198 0.35268 0 0.30226 0.26608 0.91533 0 -0.14978 0.33379 0.06091 1
keyframe: 25 -0.88343 0.44721 0.13978 0 -0.41792 -0.88698 0.19647 0 0.21184 0.11515 0.97049 0 -0.17114 0.35536 0.01915 1

#Bone: R_leg 
globalBindposeInverse: 0.03624 0.99934 0 0 -0.99934 0.03624 0 0 0 0 1 0 0.37402 0.03564 -0.00115 1
keyframe: 0 0.18726 -0.9401 0.28485 0 0.79783 -0.0236 -0.60241 0 0.57305 0.34007 0.74562 0 -0.05277 0.3593 0.02303 1
keyframe: 1 0.28518 -0.89857 0.3335 0 0.75078 -0.00686 -0.6605 0 0.5958 0.43876 0.67268 0 -0.05194 0.36909 0.02609 1
keyframe: 2 0.32918 -0.87789 0.34776 0 0.72695 0.00056 -0.68668 0 0.60264 0.47885 0.63837 0 -0.05177 0.37715 0.02753 1
keyframe: 3 0.31958 -0.89104 0.32235 0 0.73456 0.01806 -0.67829 0 0.59856 0.45355 0.6603 0 -0.05039 0.38333 0.02836 1
keyframe: 4 0.28375 -0.92062 0.26821 0 0.77371 0.05458 -0.63117 0 0.56643 0.38661 0.72778 0 -0.04648 0.38262 0.03011 1
keyframe: 5 0.28335 -0.93144 0.2283 0 0.80429 0.10115 -0.58556 0 0.52232 0.34954 0.77781 0 -0.04474 0.37648 0.03061 1
keyframe: 6 0.30048 -0.93174 0.20388 0 0.8198 0.14305 -0.55449 0 0.48747 0.33375 0.80682 0 -0.04416 0.3699 0.02956 1
keyframe: 7 0.32034 -0.92018 0.22503 0 0.84022 0.16629 -0.51611 0 0.43749 0.35441 0.82643 0 -0.04379 0.36306 0.02726 1
keyframe: 8 0.32641 -0.90214 0.2821 0 0.86474 0.16449 -0.47451 0 0.38167 0.39883 0.83382 0 -0.04504 0.35706 0.02369 1
keyframe: 9 0.28698 -0.91276 0.29068 0 0.89196 0.14396 -0.42857 0 0.34934 0.38227 0.85546 0 -0.04695 0.35292 0.0205 1
keyframe: 10 0.22301 -0.93786 0.26585 0 0.92103 0.11338 -0.37261 0 0.31932 0.32795 0.88908 0 -0.05047 0.35044 0.01576 1
keyframe: 11 0.14908 -0.96488 0.21625 0 0.95095 0.07995 -0.29881 0 0.27103 0.25019 0.92948 0 -0.05471 0.35108 0.0084 1
keyframe: 12 0.06996 -0.98875 0.1322 0 0.97673 0.04096 -0.21048 0 0.2027 0.14385 0.96861 0 -0.05802 0.35551 0.00255 1
keyframe: 13 -0.01591 -0.99986 0.00357 0 0.98709 -0.01627 -0.15932 0 0.15936 0.00099 0.98721 0 -0.05904 0.36366 0.00093 1
keyframe: 14 -0.08401 -0.99025 -0.11103 0 0.98378 -0.0647 -0.1673 0 0.15848 -0.12329 0.97963 0 -0.05866 0.37074 0.00279 1
keyframe: 15 -0.14556 -0.97449 -0.17076 0 0.97679 -0.11415 -0.18121 0 0.15709 -0.19317 0.9685 0 -0.05651 0.377 0.0067 1
keyframe: 16 -0.2122 -0.94908 -0.2328 0 0.9634 -0.16325 -0.2126 0 0.16377 -0.2694 0.94899 0 -0.05251 0.37924 0.01395 1
keyframe: 17 -0.27698 -0.91177 -0.30321 0 0.95543 -0.22781 -0.18775 0 0.10211 -0.3417 0.93424 0 -0.04678 0.37595 0.02272 1
keyframe: 18 -0.31769 -0.90205 -0.29217 0 0.94741 -0.28955 -0.13621 0 0.03827 -0.32008 0.94661 0 -0.04305 0.3701 0.02718 1
keyframe: 19 -0.33758 -0.91171 -0.23412 0 0.93999 -0.31345 -0.13476 0 0.04948 -0.26557 0.96281 0 -0.03922 0.36224 0.03075 1
keyframe: 20 -0.29791 -0.94762 -0.11513 0 0.94398 -0.27451 -0.18312 0 0.14193 -0.16323 0.97632 0 -0.04098 0.35441 0.02788 1
keyframe: 21 -0.22767 -0.97373 -0.00106 0 0.94328 -0.22028 -0.24837 0 0.24161 -0.05755 0.96866 0 -0.04327 0.3488 0.02573 1
keyframe: 22 -0.1344 -0.98474 0.11051 0 0.93311 -0.16331 -0.32034 0 0.3335 0.06006 0.94083 0 -0.04684 0.34474 0.02263 1
keyframe: 23 -0.02297 -0.97804 0.20712 0 0.9084 -0.10693 -0.40419 0 0.41746 0.17886 0.89091 0 -0.05062 0.34258 0.02 1
keyframe: 24 0.0916 -0.96112 0.26047 0 0.86134 -0.05478 -0.50505 0 0.49968 0.27062 0.82284 0 -0.05238 0.34817 0.02074 1
keyframe: 25 0.18726 -0.9401 0.28485 0 0.79783 -0.0236 -0.60241 0 0.57305 0.34007 0.74562 0 -0.05277 0.3593 0.02303 1

#Bone: L_leg 
globalBindposeInverse: -0.04682 -0.9989 0 0 -0.9989 0.04682 0 0 0 0 -1 0 0.37178 0.03604 0.00115 1
keyframe: 0 -0.15733 -0.98745 0.01327 0 -0.71221 0.12277 0.69114 0 -0.6841 0.09928 -0.72259 0 0.03065 0.35582 -0.03663 1
keyframe: 1 -0.27477 -0.95585 -0.1041 0 -0.67494 0.11464 0.7289 0 -0.68479 0.27055 -0.67665 0 0.02803 0.36202 -0.03783 1
keyframe: 2 -0.35905 -0.91488 -0.18458 0 -0.64466 0.10009 0.75788 0 -0.67489 0.39111 -0.62573 0 0.02614 0.3671 -0.03851 1
keyframe: 3 -0.41505 -0.87772 -0.23942 0 -0.63326 0.08976 0.76871 0 -0.65323 0.47067 -0.59309 0 0.02708 0.37257 -0.03809 1
keyframe: 4 -0.46882 -0.8406 -0.27126 0 -0.6467 0.11748 0.75363 0 -0.60163 0.52875 -0.5987 0 0.03319 0.37301 -0.03385 1
keyframe: 5 -0.49549 -0.82324 -0.27703 0 -0.67202 0.16124 0.72276 0 -0.55033 0.54429 -0.63313 0 0.03792 0.36835 -0.02966 1
keyframe: 6 -0.48898 -0.83025 -0.26752 0 -0.69336 0.18386 0.69673 0 -0.52927 0.52618 -0.66557 0 0.04111 0.36226 -0.02702 1
keyframe: 7 -0.4424 -0.86338 -0.24256 0 -0.7018 0.16491 0.69301 0 -0.55834 0.47682 -0.67889 0 0.04336 0.355 -0.02633 1
keyframe: 8 -0.3705 -0.90758 -0.19754 0 -0.70566 0.13675 0.69522 0 -0.60395 0.39698 -0.69111 0 0.04403 0.34854 -0.02657 1
keyframe: 9 -0.2669 -0.95761 -0.1083 0 -0.71468 0.12128 0.68884 0 -0.64651 0.26126 -0.71676 0 0.04396 0.34382 -0.02624 1
keyframe: 10 -0.12438 -0.99179 0.02958 0 -0.74239 0.1128 0.66039 0 -0.65831 0.06018 -0.75033 0 0.04258 0.34103 -0.02648 1
keyframe: 11 0.0219 -0.9881 0.15224 0 -0.78531 0.07723 0.61426 0 -0.61871 -0.13301 -0.77427 0 0.04125 0.34223 -0.02689 1
keyframe: 12 0.16201 -0.95611 0.24412 0 -0.81166 0.01157 0.58401 0 -0.5612 -0.29276 -0.77416 0 0.04046 0.34888 -0.02556 1
keyframe: 13 0.23262 -0.9156 0.32796 0 -0.83866 -0.01809 0.54434 0 -0.49246 -0.40167 -0.77209 0 0.04082 0.35858 -0.02219 1
keyframe: 14 0.23901 -0.8931 0.3811 0 -0.87131 -0.02403 0.49012 0 -0.42857 -0.4492 -0.78392 0 0.04147 0.36687 -0.01937 1
keyframe: 15 0.2212 -0.90724 0.35774 0 -0.89679 -0.04509 0.44014 0 -0.38318 -0.41818 -0.82358 0 0.0435 0.37417 -0.01616 1
keyframe: 16 0.18891 -0.92843 0.31987 0 -0.91336 -0.04649 0.40447 0 -0.36065 -0.36857 -0.85678 0 0.04709 0.37535 -0.0105 1
keyframe: 17 0.1595 -0.93566 0.31479 0 -0.92092 -0.02616 0.38885 0 -0.35559 -0.35192 -0.86585 0 0.05201 0.37078 -0.00461 1
keyframe: 18 0.15013 -0.93338 0.32596 0 -0.91384 -0.00519 0.40603 0 -0.37729 -0.35884 -0.85374 0 0.05482 0.3643 -0.00313 1
keyframe: 19 0.16795 -0.92165 0.34977 0 -0.88099 0.01886 0.47275 0 -0.44231 -0.38754 -0.8088 0 0.05775 0.35792 -0.00256 1
keyframe: 20 0.20445 -0.9093 0.36245 0 -0.83297 0.03287 0.55233 0 -0.51415 -0.41483 -0.7507 0 0.05508 0.35304 -0.00821 1
keyframe: 21 0.19484 -0.92092 0.33754 0 -0.79682 0.05204 0.60196 0 -0.57193 -0.38625 -0.72367 0 0.05149 0.34858 -0.01367 1
keyframe: 22 0.16342 -0.93971 0.30038 0 -0.76821 0.06982 0.63637 0 -0.61898 -0.33475 -0.71048 0 0.04622 0.34478 -0.02062 1
keyframe: 23 0.11406 -0.96368 0.24144 0 -0.74285 0.07863 0.66481 0 -0.65966 -0.25519 -0.7069 0 0.04017 0.34226 -0.02783 1
keyframe: 24 0.00417 -0.98922 0.14632 0 -0.72454 0.09785 0.68224 0 -0.68921 -0.10886 -0.71632 0 0.03491 0.34675 -0.0332 1
keyframe: 25 -0.15734 -0.98745 0.01327 0 -0.71221 0.12277 0.69114 0 -0.6841 0.09928 -0.72259 0 0.03065 0.35582 -0.03663 1

#Bone: R_leg2 
globalBindposeInverse: 0.05906 0.99825 0 0 -0.99823 0.05906 0.00671 0 0.0067 -0.00039 0.99997 0 0.19466 0.0312 -0.00115 1
keyframe: 0 -0.62405 -0.33073 -0.70793 0 0.77836 -0.18357 -0.60037 0 0.0686 -0.92569 0.37199 0 -0.01904 0.18997 0.07434 1
keyframe: 1 -0.56888 -0.60005 -0.5624 0 0.77662 -0.16695 -0.60743 0 0.2706 -0.78233 0.56099 0 -0.00057 0.20723 0.08616 1
keyframe: 2 -0.40944 -0.83065 -0.37731 0 0.79666 -0.12396 -0.59157 0 0.44462 -0.54281 0.7125 0 0.00751 0.21902 0.09017 1
keyframe: 3 -0.14159 -0.97833 -0.15102 0 0.83616 -0.03654 -0.54725 0 0.52988 -0.20377 0.82322 0 0.00717 0.22283 0.08642 1
keyframe: 4 0.13674 -0.98831 0.06729 0 0.87023 0.08739 -0.48481 0 0.47327 0.12486 0.87202 0 0.00462 0.2168 0.07842 1
keyframe: 5 0.27486 -0.9439 0.18299 0 0.88338 0.17278 -0.43564 0 0.37958 0.2814 0.88132 0 0.00629 0.2087 0.07173 1
keyframe: 6 0.30731 -0.93565 0.17352 0 0.89037 0.21836 -0.39943 0 0.33583 0.27725 0.90019 0 0.00995 0.20208 0.06629 1
keyframe: 7 0.26726 -0.96344 0.01857 0 0.90161 0.24321 -0.35768 0 0.34009 0.11234 0.93365 0 0.0139 0.19732 0.0678 1
keyframe: 8 0.14056 -0.96524 -0.22032 0 0.93068 0.20473 -0.30316 0 0.33773 -0.16243 0.92711 0 0.01374 0.19456 0.0745 1
keyframe: 9 0.04025 -0.9247 -0.37854 0 0.95419 0.14798 -0.26001 0 0.29645 -0.35074 0.88831 0 0.00473 0.18852 0.07285 1
