#KeyframeAnimationInfo
Keyframe_Length: 21
BoneCount: 16
WeightVertexCount: 637

#Bone: hip 
globalBindposeInverse: 0 -1 0 0 0.99999 0 0 0 0 0 0.99999 0 -0.40047 0.00205 -0.00115 1
keyframe: 0 0.16169 0.98548 -0.05175 0 -0.33959 0.1048 0.93471 0 0.92656 -0.13356 0.35161 0 -0.00674 0.37432 -0.00274 1
keyframe: 1 0.17558 0.98317 -0.05034 0 -0.32425 0.10604 0.94 0 0.92953 -0.14873 0.33741 0 -0.01081 0.37885 -0.00247 1
keyframe: 2 0.17645 0.98357 -0.0381 0 -0.29131 0.08915 0.95246 0 0.94021 -0.15697 0.30225 0 -0.01246 0.38443 -0.00353 1
keyframe: 3 0.17316 0.98474 -0.01696 0 -0.24103 0.05907 0.96871 0 0.95494 -0.16366 0.24758 0 -0.01168 0.38951 -0.00582 1
keyframe: 4 0.17521 0.98452 0.00448 0 -0.18727 0.02885 0.98188 0 0.96655 -0.17287 0.18942 0 -0.00854 0.3917 -0.0083 1
keyframe: 5 0.17971 0.9837 0.00437 0 -0.14752 0.02255 0.9888 0 0.97259 -0.17834 0.14917 0 -0.00319 0.39098 -0.01094 1
keyframe: 6 0.17004 0.98536 -0.01159 0 -0.13636 0.03518 0.99003 0 0.97595 -0.16676 0.14035 0 0.00198 0.38758 -0.01372 1
keyframe: 7 0.14311 0.98928 -0.029 0 -0.14275 0.04963 0.98851 0 0.97935 -0.13732 0.14832 0 0.0041 0.38399 -0.01646 1
keyframe: 8 0.1142 0.99298 -0.03046 0 -0.14393 0.04687 0.98847 0 0.98297 -0.1085 0.14827 0 0.00243 0.38069 -0.0191 1
keyframe: 9 0.10234 0.99463 -0.01492 0 -0.13109 0.02835 0.99096 0 0.98607 -0.09945 0.13329 0 -0.00281 0.37779 -0.02211 1
keyframe: 10 0.10938 0.99399 0.00304 0 -0.12258 0.01044 0.9924 0 0.98641 -0.10893 0.12299 0 -0.00881 0.37606 -0.02426 1
keyframe: 11 0.12082 0.99264 0.00699 0 -0.14201 0.0103 0.98981 0 0.98246 -0.12058 0.14221 0 -0.01335 0.3778 -0.02448 1
keyframe: 12 0.13158 0.9912 -0.01372 0 -0.18851 0.03861 0.98131 0 0.97321 -0.12654 0.19193 0 -0.01521 0.38129 -0.02301 1
keyframe: 13 0.14906 0.98812 -0.03715 0 -0.24375 0.07314 0.96707 0 0.95831 -0.13509 0.25176 0 -0.01355 0.38592 -0.02065 1
keyframe: 14 0.17426 0.98352 -0.04795 0 -0.27994 0.09617 0.95518 0 0.94406 -0.15303 0.29209 0 -0.00949 0.38852 -0.01869 1
keyframe: 15 0.18737 0.9817 -0.03373 0 -0.28653 0.08747 0.95406 0 0.93956 -0.1691 0.29768 0 -0.00474 0.38855 -0.01723 1
keyframe: 16 0.17363 0.98479 -0.00614 0 -0.27337 0.05419 0.96037 0 0.9461 -0.16507 0.27862 0 -0.00072 0.38598 -0.01556 1
keyframe: 17 0.14352 0.98962 0.00713 0 -0.26116 0.03092 0.96479 0 0.95456 -0.14033 0.26289 0 0.0021 0.38253 -0.01338 1
keyframe: 18 0.12189 0.99253 -0.00463 0 -0.27156 0.03784 0.96167 0 0.95466 -0.11596 0.27415 0 0.0025 0.37966 -0.0104 1
keyframe: 19 0.12849 0.99119 -0.032 0 -0.30371 0.07005 0.95018 0 0.94405 -0.11237 0.31004 0 -0.00109 0.37661 -0.00626 1
keyframe: 20 0.16169 0.98548 -0.05175 0 -0.33959 0.1048 0.93471 0 0.92656 -0.13356 0.35161 0 -0.00674 0.37432 -0.00274 1

#Bone: spine 
globalBindposeInverse: 0 -1 0 0 0.99999 0 0 0 0 0 0.99999 0 -0.46025 0.00205 -0.00115 1
keyframe: 0 0.21735 0.97608 0.00363 0 -0.39926 0.0855 0.91283 0 0.89069 -0.19986 0.4083 0 0.00292 0.43322 -0.00583 1
keyframe: 1 0.22898 0.97342 -0.00349 0 -0.37152 0.09071 0.92397 0 0.89973 -0.21028 0.38242 0 -0.00031 0.43762 -0.00548 1
keyframe: 2 0.2278 0.9737 -0.00329 0 -0.32425 0.07905 0.94266 0 0.91813 -0.21367 0.33373 0 -0.00191 0.44322 -0.00581 1
keyframe: 3 0.22029 0.9754 0.0071 0 -0.25507 0.05057 0.96559 0 0.94149 -0.21452 0.25994 0 -0.00133 0.44837 -0.00683 1
keyframe: 4 0.21598 0.97616 0.02105 0 -0.17696 0.01793 0.98405 0 0.96022 -0.21626 0.17662 0 0.00192 0.45055 -0.00803 1
keyframe: 5 0.21365 0.97657 0.02573 0 -0.11883 -0.00016 0.99291 0 0.96965 -0.21519 0.11602 0 0.00755 0.44978 -0.01068 1
keyframe: 6 0.20222 0.97915 0.01879 0 -0.10245 0.00206 0.99473 0 0.97396 -0.20308 0.10073 0 0.01214 0.44648 -0.01441 1
keyframe: 7 0.18027 0.98355 0.01087 0 -0.12264 0.0115 0.99238 0 0.97594 -0.18023 0.12269 0 0.01265 0.44313 -0.01819 1
keyframe: 8 0.16275 0.98657 0.0136 0 -0.1521 0.01146 0.98829 0 0.97487 -0.16292 0.15193 0 0.00926 0.44005 -0.02092 1
keyframe: 9 0.1654 0.98582 0.02818 0 -0.16966 0.00029 0.9855 0 0.97152 -0.16778 0.16731 0 0.0033 0.43724 -0.023 1
keyframe: 10 0.18399 0.98191 0.04463 0 -0.18197 -0.01059 0.98324 0 0.96593 -0.18903 0.17673 0 -0.00227 0.43548 -0.02408 1
keyframe: 11 0.19834 0.97868 0.05324 0 -0.21258 -0.01007 0.97709 0 0.9568 -0.20512 0.20605 0 -0.00612 0.43714 -0.02406 1
keyframe: 12 0.2002 0.97846 0.05033 0 -0.2741 0.00661 0.96167 0 0.94063 -0.20632 0.26952 0 -0.00734 0.44054 -0.02383 1
keyframe: 13 0.20141 0.97867 0.04036 0 -0.3525 0.03397 0.93519 0 0.91387 -0.20258 0.35182 0 -0.00464 0.44498 -0.02287 1
keyframe: 14 0.21013 0.97699 0.03636 0 -0.41674 0.05586 0.9073 0 0.8844 -0.20581 0.41889 0 0.00091 0.44731 -0.02156 1
keyframe: 15 0.21641 0.97526 0.04507 0 -0.44381 0.05715 0.89429 0 0.86959 -0.21354 0.4452 0 0.00645 0.44723 -0.01924 1
keyframe: 16 0.20817 0.97645 0.05648 0 -0.43302 0.04023 0.90048 0 0.87701 -0.21192 0.4312 0 0.00965 0.44485 -0.01593 1
keyframe: 17 0.18855 0.98051 0.05512 0 -0.40394 0.02627 0.9144 0 0.89513 -0.19468 0.40103 0 0.01068 0.44168 -0.01295 1
keyframe: 18 0.17553 0.98376 0.03725 0 -0.38386 0.03354 0.92278 0 0.90655 -0.17628 0.38351 0 0.00978 0.43899 -0.01068 1
keyframe: 19 0.18534 0.98255 0.01496 0 -0.38483 0.05856 0.92112 0 0.90418 -0.17648 0.38898 0 0.00658 0.43586 -0.00817 1
keyframe: 20 0.21735 0.97608 0.00363 0 -0.39926 0.0855 0.91283 0 0.89069 -0.19986 0.4083 0 0.00292 0.43322 -0.00583 1

#Bone: upper 
globalBindposeInverse: 0 -1 0 0 0.99999 0 0 0 0 0 0.99999 0 -0.58494 0.00205 -0.00115 1
keyframe: 0 0.30335 0.94212 0.14276 0 -0.53222 0.04324 0.84549 0 0.79038 -0.33247 0.51453 0 0.03002 0.55494 -0.00538 1
keyframe: 1 0.31063 0.9419 0.1278 0 -0.48334 0.04075 0.87448 0 0.81846 -0.33341 0.46792 0 0.02823 0.559 -0.00592 1
keyframe: 2 0.31085 0.94454 0.10581 0 -0.4032 0.03023 0.91461 0 0.86069 -0.32697 0.39024 0 0.02648 0.56463 -0.00622 1
keyframe: 3 0.30399 0.94891 0.08453 0 -0.289 0.0073 0.9573 0 0.90777 -0.31544 0.27645 0 0.02613 0.57 -0.00594 1
keyframe: 4 0.29334 0.95331 0.07171 0 -0.16105 -0.02466 0.98663 0 0.94234 -0.30097 0.14629 0 0.02886 0.57227 -0.00541 1
keyframe: 5 0.2819 0.95694 0.06921 0 -0.06451 -0.05307 0.9965 0 0.95727 -0.28538 0.04677 0 0.03419 0.57155 -0.00747 1
keyframe: 6 0.26889 0.96037 0.07333 0 -0.03772 -0.06557 0.99713 0 0.96242 -0.27089 0.01859 0 0.03736 0.56858 -0.01207 1
keyframe: 7 0.25704 0.96307 0.08007 0 -0.08193 -0.06084 0.99477 0 0.96291 -0.26226 0.06326 0 0.03513 0.56577 -0.01684 1
keyframe: 8 0.26026 0.96152 0.08794 0 -0.16021 -0.04681 0.98597 0 0.95215 -0.2707 0.14186 0 0.02955 0.56307 -0.01923 1
keyframe: 9 0.28961 0.95231 0.09604 0 -0.22888 -0.02852 0.97303 0 0.92937 -0.30379 0.20971 0 0.02392 0.56017 -0.01948 1
keyframe: 10 0.32978 0.93824 0.10453 0 -0.27749 -0.00949 0.96068 0 0.90235 -0.34582 0.25722 0 0.02067 0.55792 -0.01851 1
keyframe: 11 0.34868 0.9295 0.12013 0 -0.33454 0.00369 0.94237 0 0.87549 -0.36878 0.31225 0 0.0186 0.55917 -0.01742 1
keyframe: 12 0.33126 0.93207 0.14661 0 -0.42933 0.01053 0.90308 0 0.84019 -0.3621 0.40366 0 0.01761 0.56254 -0.01756 1
keyframe: 13 0.29083 0.94074 0.1744 0 -0.55193 0.01607 0.83373 0 0.78152 -0.33873 0.5239 0 0.02047 0.56702 -0.01783 1
keyframe: 14 0.25434 0.94777 0.19243 0 -0.65849 0.02398 0.7522 0 0.7083 -0.31803 0.6302 0 0.02712 0.56914 -0.01702 1
keyframe: 15 0.23983 0.95033 0.19832 0 -0.71203 0.03333 0.70135 0 0.65991 -0.30942 0.68466 0 0.03343 0.56884 -0.01362 1
keyframe: 16 0.2441 0.95078 0.19081 0 -0.70478 0.03878 0.70836 0 0.6661 -0.3074 0.67956 0 0.03561 0.5666 -0.00889 1
keyframe: 17 0.25254 0.95274 0.16882 0 -0.65326 0.03918 0.75611 0 0.71377 -0.30124 0.63228 0 0.03419 0.56395 -0.00608 1
keyframe: 18 0.26112 0.95461 0.14323 0 -0.59098 0.04077 0.80565 0 0.76325 -0.29502 0.57481 0 0.03167 0.56166 -0.00603 1
keyframe: 19 0.27773 0.95158 0.13175 0 -0.54769 0.04416 0.83551 0 0.78923 -0.3042 0.53344 0 0.0297 0.55838 -0.00631 1
keyframe: 20 0.30335 0.94212 0.14276 0 -0.53222 0.04324 0.84549 0 0.79038 -0.33247 0.51453 0 0.03002 0.55494 -0.00538 1

#Bone: head 
globalBindposeInverse: 0 -1 0 0 0.99999 0 0 0 0 0 0.99999 0 -0.63789 0.00205 -0.00115 1
keyframe: 0 0.26902 0.95186 0.14686 0 -0.65655 0.06968 0.75105 0 0.70467 -0.29847 0.64369 0 0.04609 0.60482 0.00217 1
keyframe: 1 0.2779 0.94947 0.14585 0 -0.62119 0.0618 0.78121 0 0.73272 -0.3077 0.60698 0 0.04468 0.60887 0.00084 1
keyframe: 2 0.28507 0.94797 0.14165 0 -0.56336 0.04615 0.82491 0 0.77546 -0.31496 0.54722 0 0.04294 0.61465 -0.00062 1
keyframe: 3 0.28949 0.94755 0.13541 0 -0.47954 0.02113 0.87726 0 0.82839 -0.3189 0.46051 0 0.04223 0.62024 -0.00147 1
keyframe: 4 0.29128 0.9477 0.13045 0 -0.38335 -0.0093 0.92355 0 0.87646 -0.31902 0.36059 0 0.04439 0.62275 -0.00161 1
keyframe: 5 0.29075 0.94801 0.12935 0 -0.30905 -0.03489 0.9504 0 0.9055 -0.31631 0.28283 0 0.04911 0.62222 -0.0038 1
keyframe: 6 0.28589 0.94926 0.13098 0 -0.28734 -0.04547 0.95674 0 0.91416 -0.31116 0.25976 0 0.0516 0.61943 -0.00819 1
keyframe: 7 0.27566 0.95219 0.13169 0 -0.31894 -0.03864 0.94698 0 0.90679 -0.30305 0.29304 0 0.04874 0.61677 -0.0126 1
keyframe: 8 0.269 0.9547 0.12721 0 -0.37399 -0.01817 0.92725 0 0.88756 -0.297 0.35216 0 0.04334 0.61398 -0.01457 1
keyframe: 9 0.27902 0.9533 0.11559 0 -0.41963 0.01276 0.9076 0 0.86374 -0.30174 0.40359 0 0.03926 0.61059 -0.0144 1
keyframe: 10 0.30214 0.94759 0.10376 0 -0.4502 0.04589 0.89174 0 0.84025 -0.31614 0.44048 0 0.03813 0.6076 -0.01298 1
keyframe: 11 0.31899 0.94174 0.10659 0 -0.48973 0.06749 0.86925 0 0.81141 -0.32949 0.48273 0 0.03706 0.60839 -0.01106 1
keyframe: 12 0.31537 0.93998 0.13028 0 -0.56048 0.07372 0.82487 0 0.76576 -0.33317 0.55009 0 0.03515 0.6119 -0.00979 1
keyframe: 13 0.29135 0.94275 0.16226 0 -0.65262 0.07187 0.75426 0 0.69941 -0.32565 0.6362 0 0.03587 0.61683 -0.0086 1
keyframe: 14 0.26142 0.94758 0.18369 0 -0.73216 0.07066 0.67745 0 0.62896 -0.31159 0.71225 0 0.04059 0.61932 -0.00683 1
keyframe: 15 0.24393 0.95124 0.18876 0 -0.77226 0.07279 0.63111 0 0.5866 -0.29973 0.75236 0 0.04613 0.61916 -0.00312 1
keyframe: 16 0.24204 0.95299 0.18226 0 -0.76821 0.07348 0.63595 0 0.59266 -0.29395 0.74989 0 0.04853 0.61695 0.00121 1
keyframe: 17 0.24555 0.95491 0.16686 0 -0.73314 0.07032 0.67643 0 0.63419 -0.28843 0.71735 0 0.04757 0.6144 0.00285 1
keyframe: 18 0.2496 0.95687 0.14863 0 -0.69172 0.06877 0.71887 0 0.67765 -0.28224 0.67906 0 0.0455 0.61221 0.00154 1
keyframe: 19 0.25772 0.95606 0.13967 0 -0.66454 0.07045 0.74391 0 0.70139 -0.28454 0.6535 0 0.0444 0.60877 0.00066 1
keyframe: 20 0.26902 0.95186 0.14686 0 -0.65655 0.06968 0.75105 0 0.70467 -0.29847 0.64369 0 0.04609 0.60482 0.00217 1

#Bone: L_arm 
globalBindposeInverse: 0.99983 0.01801 0 0 -0.01801 0.99983 0 0 0 0 1 0 -0.0589 -0.58577 -0.00115 1
keyframe: 0 0.09466 -0.74416 -0.66125 0 0.95874 0.24699 -0.14071 0 0.26804 -0.62064 0.73684 0 0.06579 0.55171 -0.06241 1
keyframe: 1 -0.01039 -0.60234 -0.79816 0 0.95987 0.21769 -0.17678 0 0.28024 -0.76797 0.57591 0 0.0607 0.55594 -0.0649 1
keyframe: 2 -0.1035 -0.43813 -0.89292 0 0.95147 0.21796 -0.21723 0 0.2898 -0.87208 0.39431 0 0.05355 0.56228 -0.0679 1
keyframe: 3 -0.18218 -0.27456 -0.94415 0 0.93492 0.24899 -0.2528 0 0.3045 -0.92877 0.21133 0 0.04551 0.56919 -0.07049 1
keyframe: 4 -0.24256 -0.14332 -0.95948 0 0.91436 0.29672 -0.27548 0 0.32419 -0.94414 0.05907 0 0.03961 0.57362 -0.07193 1
keyframe: 5 -0.27404 -0.07877 -0.95848 0 0.89605 0.34102 -0.28422 0 0.34925 -0.93674 -0.02287 0 0.03844 0.57482 -0.07465 1
keyframe: 6 -0.26373 -0.10147 -0.95924 0 0.88394 0.37263 -0.28245 0 0.3861 -0.92241 -0.00857 0 0.03981 0.57268 -0.0793 1
keyframe: 7 -0.20258 -0.20536 -0.95748 0 0.87978 0.39122 -0.27005 0 0.43005 -0.89709 0.10141 0 0.04057 0.56955 -0.0839 1
keyframe: 8 -0.09655 -0.35923 -0.92823 0 0.88404 0.39754 -0.24581 0 0.45732 -0.84433 0.27919 0 0.04027 0.5659 -0.0857 1
keyframe: 9 0.02777 -0.52513 -0.85056 0 0.89395 0.39378 -0.21393 0 0.44728 -0.75442 0.48038 0 0.03926 0.56178 -0.08509 1
keyframe: 10 0.14589 -0.67004 -0.72784 0 0.90346 0.38998 -0.17792 0 0.40306 -0.63162 0.66225 0 0.03926 0.55825 -0.08329 1
keyframe: 11 0.25395 -0.76655 -0.58982 0 0.90649 0.40129 -0.13123 0 0.33729 -0.50134 0.79679 0 0.04103 0.55862 -0.08098 1
keyframe: 12 0.35326 -0.808 -0.47152 0 0.89942 0.43199 -0.06643 0 0.25737 -0.40063 0.87934 0 0.04644 0.56153 -0.07847 1
keyframe: 13 0.43685 -0.81132 -0.38846 0 0.88176 0.47164 0.00655 0 0.1779 -0.3454 0.92143 0 0.05757 0.56563 -0.07408 1
keyframe: 14 0.49106 -0.80169 -0.3408 0 0.8626 0.50207 0.06188 0 0.12149 -0.32436 0.93809 0 0.07141 0.56721 -0.06778 1
keyframe: 15 0.49916 -0.80066 -0.3313 0 0.8603 0.50358 0.07918 0 0.10344 -0.32455 0.94019 0 0.08134 0.56628 -0.06096 1
keyframe: 16 0.45468 -0.8144 -0.36055 0 0.88178 0.4686 0.05353 0 0.12536 -0.34227 0.93119 0 0.08303 0.56368 -0.05669 1
keyframe: 17 0.37123 -0.83128 -0.4137 0 0.91234 0.4094 -0.00396 0 0.17267 -0.37596 0.9104 0 0.07814 0.56099 -0.05709 1
keyframe: 18 0.27325 -0.83416 -0.47906 0 0.93645 0.34455 -0.06579 0 0.21994 -0.43064 0.87531 0 0.07142 0.5586 -0.06038 1
keyframe: 19 0.17779 -0.80836 -0.56119 0 0.95152 0.28666 -0.11144 0 0.25096 -0.51417 0.82014 0 0.06652 0.55509 -0.06266 1
keyframe: 20 0.09466 -0.74416 -0.66125 0 0.95874 0.24699 -0.14071 0 0.26804 -0.62064 0.73684 0 0.06579 0.55171 -0.06241 1

#Bone: L_arm2 
globalBindposeInverse: 0.99968 -0.02514 0 0 0.02514 0.99968 0 0 0 0 1 0 -0.19422 -0.57792 -0.00115 1
keyframe: 0 0.3031 -0.88669 0.34914 0 0.94904 0.24767 -0.19487 0 0.08632 0.39041 0.91658 0 0.07622 0.46971 -0.13527 1
keyframe: 1 0.27401 -0.94325 0.18757 0 0.94567 0.22878 -0.23099 0 0.17496 0.24068 0.9547 0 0.05956 0.48957 -0.15285 1
keyframe: 2 0.26247 -0.9634 0.05428 0 0.93257 0.23882 -0.27068 0 0.24781 0.12167 0.96113 0 0.04215 0.51401 -0.16629 1
keyframe: 3 0.26642 -0.96036 -0.08188 0 0.91135 0.27866 -0.30295 0 0.31376 0.00608 0.94948 0 0.02543 0.53894 -0.17453 1
keyframe: 4 0.26362 -0.93407 -0.24084 0 0.88747 0.3327 -0.3189 0 0.378 -0.12966 0.91667 0 0.01289 0.55783 -0.17765 1
keyframe: 5 0.23909 -0.88505 -0.39939 0 0.86859 0.3788 -0.31944 0 0.43402 -0.27053 0.85932 0 0.00825 0.56614 -0.18027 1
keyframe: 6 0.21061 -0.83393 -0.51009 0 0.85854 0.40732 -0.31143 0 0.46748 -0.37234 0.80175 0 0.01075 0.5615 -0.185 1
keyframe: 7 0.20927 -0.81218 -0.54456 0 0.85793 0.41972 -0.29628 0 0.4692 -0.40519 0.78464 0 0.01825 0.54692 -0.18941 1
keyframe: 8 0.24555 -0.83125 -0.49872 0 0.86626 0.41907 -0.27197 0 0.43508 -0.36523 0.82298 0 0.02963 0.52632 -0.18799 1
keyframe: 9 0.30472 -0.8764 -0.37291 0 0.88 0.40884 -0.24175 0 0.36433 -0.25449 0.89581 0 0.04232 0.50391 -0.17882 1
keyframe: 10 0.36911 -0.91403 -0.16822 0 0.89273 0.39902 -0.20927 0 0.25841 -0.07293 0.96327 0 0.05533 0.48442 -0.16349 1
keyframe: 11 0.42325 -0.90044 0.10025 0 0.89914 0.40386 -0.16863 0 0.11135 0.16152 0.98056 0 0.06901 0.47415 -0.14597 1
keyframe: 12 0.43384 -0.80772 0.39919 0 0.89746 0.42656 -0.11227 0 -0.07959 0.40696 0.90996 0 0.08536 0.47249 -0.13043 1
keyframe: 13 0.36457 -0.63887 0.67743 0 0.88861 0.45613 -0.04805 0 -0.2783 0.61949 0.734 0 0.10571 0.47623 -0.11689 1
keyframe: 14 0.23044 -0.42902 0.8734 0 0.87987 0.4752 0.00127 0 -0.41559 0.76818 0.48699 0 0.12552 0.47887 -0.10533 1
keyframe: 15 0.11364 -0.24804 0.96205 0 0.88424 0.46674 0.01588 0 -0.45297 0.84889 0.27237 0 0.13634 0.47806 -0.09746 1
keyframe: 16 0.09453 -0.17318 0.98034 0 0.90429 0.42674 -0.01181 0 -0.4163 0.88763 0.19695 0 0.13313 0.47394 -0.09642 1
keyframe: 17 0.17177 -0.24555 0.95404 0 0.9262 0.37017 -0.07149 0 -0.3356 0.89592 0.29101 0 0.11904 0.46939 -0.10268 1
keyframe: 18 0.27087 -0.44646 0.85281 0 0.93946 0.31572 -0.13311 0 -0.20982 0.83724 0.50496 0 0.10153 0.46668 -0.11316 1
keyframe: 19 0.3189 -0.69428 0.64519 0 0.94618 0.27276 -0.17416 0 -0.05506 0.66601 0.7439 0 0.08611 0.46602 -0.1245 1
keyframe: 20 0.3031 -0.88669 0.34914 0 0.94904 0.24767 -0.19487 0 0.08632 0.39041 0.91658 0 0.07622 0.46971 -0.13527 1

#Bone: L_hand 
globalBindposeInverse: 0 -1 0 0 0.99999 0 0 0 0 0 0.99999 0 -0.58659 0.33744 -0.00115 1
keyframe: 0 0.95636 0.22529 -0.18603 0 -0.27913 0.89264 -0.35393 0 0.08632 0.39041 0.91658 0 0.12407 0.32974 -0.08016 1
keyframe: 1 0.95226 0.20499 -0.2262 0 -0.25014 0.9487 -0.19332 0 0.17496 0.24068 0.9547 0 0.10281 0.34067 -0.12323 1
keyframe: 2 0.93887 0.21451 -0.26923 0 -0.23894 0.96911 -0.06107 0 0.24781 0.12167 0.96113 0 0.08358 0.36192 -0.15772 1
keyframe: 3 0.91776 0.25442 -0.30491 0 -0.24342 0.96707 0.07424 0 0.31376 0.00608 0.94948 0 0.06749 0.38734 -0.18745 1
keyframe: 4 0.89382 0.3091 -0.32486 0 -0.24122 0.94214 0.23274 0 0.378 -0.12966 0.91667 0 0.0545 0.41038 -0.21567 1
keyframe: 5 0.87433 0.35643 -0.32939 0 -0.21717 0.89429 0.39123 0 0.43402 -0.27053 0.85932 0 0.04599 0.42642 -0.24332 1
keyframe: 6 0.86356 0.38622 -0.32416 0 -0.18895 0.84391 0.50209 0 0.46748 -0.37234 0.80175 0 0.044 0.42986 -0.26552 1
keyframe: 7 0.86292 0.39916 -0.30988 0 -0.18763 0.82248 0.53694 0 0.4692 -0.40519 0.78464 0 0.05128 0.41871 -0.27538 1
keyframe: 8 0.87216 0.39803 -0.28443 0 -0.22369 0.84152 0.49172 0 0.43508 -0.36523 0.82298 0 0.06839 0.3951 -0.26671 1
keyframe: 9 0.88738 0.38667 -0.25105 0 -0.28249 0.8864 0.36671 0 0.36433 -0.25449 0.89581 0 0.09042 0.36556 -0.23768 1
keyframe: 10 0.90173 0.37591 -0.21344 0 -0.34654 0.92378 0.1629 0 0.25841 -0.07293 0.96327 0 0.1136 0.34013 -0.19005 1
keyframe: 11 0.9095 0.38109 -0.16606 0 -0.4005 0.91031 -0.10446 0 0.11135 0.16152 0.98056 0 0.13583 0.33201 -0.13014 1
keyframe: 12 0.90808 0.40611 -0.10219 0 -0.41114 0.81819 -0.40188 0 -0.07959 0.40696 0.90996 0 0.15385 0.34498 -0.06741 1
keyframe: 13 0.8975 0.43992 -0.03099 0 -0.3421 0.65014 -0.67843 0 -0.2783 0.61949 0.734 0 0.16326 0.37537 -0.00995 1
keyframe: 14 0.88538 0.46426 0.02324 0 -0.20823 0.44083 -0.87309 0 -0.41559 0.76818 0.48699 0 0.1619 0.41114 0.03253 1
keyframe: 15 0.88682 0.46036 0.04007 0 -0.09137 0.2597 -0.96135 0 -0.45297 0.84889 0.27237 0 0.15428 0.4389 0.0544 1
keyframe: 16 0.90638 0.42224 0.01284 0 -0.07176 0.18386 -0.98032 0 -0.4163 0.88763 0.19695 0 0.14805 0.4466 0.05833 1
keyframe: 17 0.93023 0.36387 -0.04747 0 -0.14843 0.25478 -0.95553 0 -0.3356 0.89592 0.29101 0 0.14616 0.43063 0.04792 1
keyframe: 18 0.94598 0.30439 -0.11162 0 -0.24716 0.45426 -0.85589 0 -0.20982 0.83724 0.50496 0 0.14429 0.3962 0.02145 1
keyframe: 19 0.9539 0.25521 -0.15788 0 -0.295 0.70092 -0.64936 0 -0.05506 0.66601 0.7439 0 0.13645 0.35642 -0.02265 1
keyframe: 20 0.95636 0.2253 -0.18603 0 -0.27913 0.89264 -0.35393 0 0.08632 0.39041 0.91658 0 0.12407 0.32974 -0.08016 1

#Bone: R_arm 
globalBindposeInverse: -0.99995 -0.00925 0 0 -0.00925 0.99995 0 0 0 0 -1 0 -0.0631 -0.58423 0.00115 1
keyframe: 0 -0.7917 -0.54592 0.27416 0 0.03982 0.40171 0.91489 0 -0.60959 0.73525 -0.29629 0 -0.00793 0.55675 0.05409 1
keyframe: 1 -0.62873 -0.67372 0.38831 0 0.14572 0.38843 0.90988 0 -0.76384 0.62866 -0.14604 0 -0.00628 0.56063 0.05562 1
keyframe: 2 -0.45589 -0.75374 0.47331 0 0.23624 0.41024 0.88084 0 -0.8581 0.51339 -0.00896 0 -0.00237 0.56552 0.05818 1
keyframe: 3 -0.30431 -0.78498 0.53962 0 0.29773 0.45972 0.83666 0 -0.90484 0.41527 0.09381 0 0.00533 0.56926 0.0615 1
keyframe: 4 -0.20243 -0.78088 0.59096 0 0.32538 0.51554 0.79268 0 -0.92365 0.35275 0.14972 0 0.0171 0.56927 0.06412 1
keyframe: 5 -0.1667 -0.76252 0.6251 0 0.33268 0.5533 0.76366 0 -0.92818 0.33526 0.16143 0 0.02926 0.56655 0.06276 1
keyframe: 6 -0.18988 -0.745 0.63946 0 0.33751 0.56208 0.75507 0 -0.92196 0.3592 0.14471 0 0.03434 0.56268 0.05819 1
keyframe: 7 -0.24847 -0.7352 0.63065 0 0.34413 0.54159 0.76697 0 -0.90544 0.4076 0.11843 0 0.02901 0.56021 0.05326 1
keyframe: 8 -0.32931 -0.73167 0.59682 0 0.34793 0.49357 0.79707 0 -0.87777 0.47014 0.09203 0 0.0179 0.55849 0.05023 1
keyframe: 9 -0.43678 -0.71804 0.54188 0 0.34189 0.42467 0.8383 0 -0.83206 0.55142 0.06 0 0.00739 0.5569 0.04905 1
keyframe: 10 -0.56963 -0.67321 0.47149 0 0.3137 0.35214 0.8818 0 -0.75967 0.65021 0.01059 0 0.00065 0.55601 0.04914 1
keyframe: 11 -0.70776 -0.593 0.38394 0 0.25306 0.29459 0.9215 0 -0.65956 0.74937 -0.05843 0 -0.00546 0.55821 0.04891 1
keyframe: 12 -0.82764 -0.48743 0.27824 0 0.16167 0.26768 0.94984 0 -0.53746 0.83111 -0.14274 0 -0.01312 0.56206 0.04597 1
keyframe: 13 -0.91672 -0.36561 0.16105 0 0.05369 0.28671 0.9565 0 -0.39588 0.8855 -0.2432 0 -0.01886 0.56691 0.04077 1
keyframe: 14 -0.9702 -0.23863 0.04188 0 -0.04598 0.35107 0.93521 0 -0.23787 0.90542 -0.35159 0 -0.01968 0.56958 0.0358 1
keyframe: 15 -0.98944 -0.13308 -0.05731 0 -0.10999 0.43235 0.89496 0 -0.09432 0.89182 -0.44242 0 -0.01713 0.56994 0.0356 1
keyframe: 16 -0.99097 -0.08546 -0.10322 0 -0.13206 0.49192 0.86056 0 -0.02277 0.86643 -0.49877 0 -0.01444 0.56809 0.04085 1
keyframe: 17 -0.9902 -0.11755 -0.07529 0 -0.12521 0.50953 0.85128 0 -0.0617 0.85238 -0.51926 0 -0.01223 0.56546 0.04705 1
keyframe: 18 -0.97467 -0.22271 0.01987 0 -0.09445 0.49066 0.86621 0 -0.20267 0.8424 -0.49927 0 -0.01037 0.56328 0.05063 1
keyframe: 19 -0.91501 -0.37437 0.15032 0 -0.0381 0.45115 0.89163 0 -0.40162 0.81012 -0.42707 0 -0.00931 0.56024 0.05247 1
keyframe: 20 -0.7917 -0.54592 0.27416 0 0.03982 0.40171 0.91489 0 -0.60959 0.73525 -0.29629 0 -0.00793 0.55675 0.05409 1

#Bone: R_arm2 
globalBindposeInverse: -1 0 0 0 0 0.99999 0 0 0 0 -0.99999 0 -0.17571 -0.58262 0.00115 1
keyframe: 0 0.20748 -0.88938 0.40735 0 -0.01501 0.41346 0.91039 0 -0.97812 -0.19501 0.07243 0 -0.0928 0.49822 0.08348 1
keyframe: 1 0.41477 -0.85083 0.32255 0 0.09008 0.39113 0.91591 0 -0.90545 -0.35083 0.23888 0 -0.07369 0.4884 0.09725 1
keyframe: 2 0.60629 -0.76374 0.22158 0 0.18113 0.40394 0.89667 0 -0.77433 -0.5035 0.38325 0 -0.05125 0.48472 0.10892 1
keyframe: 3 0.78269 -0.61498 0.09581 0 0.24299 0.44365 0.86262 0 -0.57301 -0.65189 0.49668 0 -0.02728 0.48511 0.11935 1
keyframe: 4 0.90974 -0.41151 -0.05501 0 0.27118 0.48864 0.82926 0 -0.31436 -0.76933 0.55614 0 -0.00459 0.48556 0.12747 1
keyframe: 5 0.95657 -0.22261 -0.18816 0 0.27948 0.5172 0.80893 0 -0.08276 -0.8264 0.55696 0 0.01139 0.4848 0.12977 1
keyframe: 6 0.95888 -0.14475 -0.24409 0 0.28357 0.52257 0.80405 0 0.01117 -0.84021 0.54213 0 0.01399 0.48282 0.12675 1
keyframe: 7 0.95462 -0.22263 -0.19779 0 0.28661 0.5064 0.81326 0 -0.08089 -0.83305 0.54723 0 0.00237 0.48139 0.12086 1
keyframe: 8 0.90272 -0.42413 -0.07209 0 0.2871 0.46909 0.83517 0 -0.3204 -0.77463 0.54523 0 -0.01739 0.48005 0.11422 1
keyframe: 9 0.7526 -0.65491 0.0683 0 0.28114 0.41341 0.86604 0 -0.59542 -0.63259 0.49527 0 -0.03943 0.47992 0.10714 1
keyframe: 10 0.53963 -0.82454 0.17006 0 0.25528 0.35274 0.90022 0 -0.80225 -0.44238 0.40084 0 -0.06041 0.48384 0.09968 1
keyframe: 11 0.32814 -0.91613 0.23024 0 0.19699 0.30475 0.93183 0 -0.92385 -0.26041 0.28047 0 -0.08134 0.49463 0.09008 1
keyframe: 12 0.12207 -0.95431 0.27272 0 0.10888 0.28599 0.95202 0 -0.98652 -0.08652 0.13882 0 -0.10184 0.5098 0.0758 1
keyframe: 13 -0.1036 -0.9448 0.31082 0 0.00705 0.3118 0.95012 0 -0.99459 0.10063 -0.02563 0 -0.11714 0.52772 0.05803 1
keyframe: 14 -0.32191 -0.88503 0.33627 0 -0.08469 0.38067 0.92082 0 -0.94297 0.26794 -0.19749 0 -0.12369 0.54399 0.04029 1
keyframe: 15 -0.4543 -0.81538 0.35883 0 -0.1433 0.46444 0.87392 0 -0.87924 0.3456 -0.32785 0 -0.1232 0.55567 0.02946 1
keyframe: 16 -0.4519 -0.79276 0.40902 0 -0.16604 0.52525 0.83458 0 -0.87647 0.30924 -0.369 0 -0.12068 0.55892 0.02978 1
keyframe: 17 -0.32698 -0.81847 0.47241 0 -0.1658 0.54183 0.82396 0 -0.93036 0.1911 -0.31288 0 -0.11839 0.55285 0.03898 1
keyframe: 18 -0.14097 -0.85384 0.50107 0 -0.14336 0.5184 0.84303 0 -0.97957 0.047 -0.19549 0 -0.11486 0.5394 0.05276 1
keyframe: 19 0.04301 -0.87803 0.47665 0 -0.09229 0.47156 0.87698 0 -0.9948 -0.08171 -0.06075 0 -0.10741 0.52011 0.06859 1
keyframe: 20 0.20748 -0.88938 0.40735 0 -0.01501 0.41346 0.91039 0 -0.97812 -0.19501 0.07243 0 -0.0928 0.49822 0.08348 1

#Bone: R_hand 
globalBindposeInverse: 0 -1 0 0 0.99999 0 0 0 0 0 0.99999 0 -0.58262 -0.33352 -0.00115 1
keyframe: 0 -0.01501 0.41346 0.91039 0 0.20748 -0.88938 0.40735 0 0.97812 0.19501 -0.07243 0 -0.06006 0.35786 0.14777 1
keyframe: 1 0.09008 0.39113 0.91591 0 0.41477 -0.85083 0.32255 0 0.90545 0.35083 -0.23888 0 -0.00823 0.35413 0.14815 1
keyframe: 2 0.18113 0.40394 0.89667 0 0.60629 -0.76374 0.22158 0 0.77433 0.5035 -0.38325 0 0.04442 0.36419 0.14389 1
keyframe: 3 0.24299 0.44365 0.86262 0 0.78269 -0.61498 0.09581 0 0.57301 0.65189 -0.49668 0 0.09623 0.38805 0.13447 1
keyframe: 4 0.27118 0.48864 0.82926 0 0.90974 -0.41151 -0.05501 0 0.31436 0.76933 -0.55614 0 0.13897 0.42062 0.11879 1
keyframe: 5 0.27948 0.5172 0.80893 0 0.95657 -0.22261 -0.18816 0 0.08276 0.8264 -0.55696 0 0.16235 0.44967 0.10008 1
keyframe: 6 0.28357 0.52257 0.80405 0 0.95888 -0.14475 -0.2441 0 -0.01117 0.84021 -0.54213 0 0.16531 0.45997 0.08823 1
keyframe: 7 0.28661 0.5064 0.81326 0 0.95462 -0.22263 -0.19779 0 0.08089 0.83305 -0.54723 0 0.15303 0.44625 0.08965 1
keyframe: 8 0.2871 0.46909 0.83517 0 0.90272 -0.42413 -0.07209 0 0.3204 0.77463 -0.54523 0 0.12506 0.41312 0.10284 1
keyframe: 9 0.28114 0.41341 0.86604 0 0.7526 -0.65491 0.0683 0 0.59542 0.63259 -0.49527 0 0.07934 0.37657 0.11792 1
keyframe: 10 0.25528 0.35274 0.90022 0 0.53963 -0.82454 0.17006 0 0.80225 0.44238 -0.40084 0 0.02474 0.35372 0.12652 1
keyframe: 11 0.19699 0.30475 0.93183 0 0.32814 -0.91613 0.23024 0 0.92385 0.26041 -0.28047 0 -0.02955 0.35005 0.12641 1
keyframe: 12 0.10888 0.28599 0.95202 0 0.12207 -0.95431 0.27272 0 0.98652 0.08652 -0.13882 0 -0.08258 0.3592 0.11884 1
keyframe: 13 0.00705 0.3118 0.95012 0 -0.1036 -0.9448 0.31082 0 0.99459 -0.10063 0.02563 0 -0.13349 0.37861 0.10709 1
keyframe: 14 -0.08469 0.38067 0.92082 0 -0.32191 -0.88503 0.33627 0 0.94297 -0.26794 0.19749 0 -0.17449 0.40432 0.09336 1
keyframe: 15 -0.1433 0.46444 0.87392 0 -0.4543 -0.81538 0.35883 0 0.87924 -0.3456 0.32785 0 -0.1949 0.427 0.08609 1
keyframe: 16 -0.16604 0.52525 0.83458 0 -0.4519 -0.79276 0.40902 0 0.87647 -0.30924 0.369 0 -0.192 0.43381 0.09433 1
keyframe: 17 -0.1658 0.54183 0.82396 0 -0.32699 -0.81847 0.47241 0 0.93036 -0.1911 0.31288 0 -0.16999 0.42369 0.11353 1
keyframe: 18 -0.14336 0.5184 0.84303 0 -0.14097 -0.85384 0.50107 0 0.97957 -0.047 0.19549 0 -0.13711 0.40465 0.13184 1
keyframe: 19 -0.09229 0.47156 0.87698 0 0.04301 -0.87803 0.47665 0 0.9948 0.08171 0.06075 0 -0.10062 0.38154 0.14381 1
keyframe: 20 -0.01501 0.41346 0.91039 0 0.20748 -0.88938 0.40735 0 0.97812 0.19501 -0.07243 0 -0.06006 0.35786 0.14777 1

#Bone: R_leg 
globalBindposeInverse: 0.03624 0.99934 0 0 -0.99934 0.03624 0 0 0 0 1 0 0.37402 0.03564 -0.00115 1
keyframe: 0 0.25329 -0.96738 -0.00136 0 0.2332 0.06242 -0.97042 0 0.93885 0.24548 0.24141 0 -0.02866 0.3521 0.04659 1
keyframe: 1 0.0139 -0.99951 -0.02802 0 0.26332 0.0307 -0.96421 0 0.9646 0.00603 0.26362 0 -0.03234 0.35676 0.04709 1
keyframe: 2 -0.15946 -0.98658 -0.03493 0 0.29383 -0.01364 -0.95575 0 0.94246 -0.16267 0.29206 0 -0.03233 0.36146 0.04633 1
keyframe: 3 -0.35895 -0.93195 -0.05109 0 0.30712 -0.06624 -0.94935 0 0.88137 -0.35647 0.31 0 -0.02888 0.36497 0.04429 1
keyframe: 4 -0.50646 -0.86076 -0.05066 0 0.28547 -0.11194 -0.95182 0 0.81363 -0.49653 0.30242 0 -0.02304 0.36562 0.04188 1
keyframe: 5 -0.5597 -0.82762 -0.04211 0 0.25026 -0.12036 -0.96066 0 0.78999 -0.54822 0.27449 0 -0.01578 0.3646 0.03959 1
keyframe: 6 -0.49821 -0.86668 -0.02522 0 0.22029 -0.09839 -0.97045 0 0.8386 -0.48905 0.23994 0 -0.00976 0.36181 0.03732 1
keyframe: 7 -0.37722 -0.92611 0.00434 0 0.19909 -0.08567 -0.97622 0 0.90446 -0.36738 0.2167 0 -0.00721 0.35885 0.035 1
keyframe: 8 -0.21944 -0.9737 0.06115 0 0.18647 -0.10338 -0.977 0 0.95763 -0.20299 0.20425 0 -0.00813 0.3553 0.03239 1
keyframe: 9 -0.01846 -0.99017 0.13862 0 0.18474 -0.13964 -0.97281 0 0.98261 0.00764 0.1855 0 -0.01239 0.3514 0.02908 1
keyframe: 10 0.21065 -0.95646 0.20198 0 0.19941 -0.16022 -0.96672 0 0.957 0.24392 0.15697 0 -0.01815 0.34878 0.02649 1
keyframe: 11 0.43284 -0.87228 0.22754 0 0.22134 -0.14184 -0.96482 0 0.87387 0.46798 0.13168 0 -0.02401 0.35054 0.02603 1
keyframe: 12 0.60098 -0.77017 0.21366 0 0.22625 -0.09246 -0.96966 0 0.76656 0.6311 0.11868 0 -0.02855 0.35552 0.02764 1
keyframe: 13 0.68828 -0.70444 0.17327 0 0.2087 -0.03647 -0.97729 0 0.69477 0.70881 0.12191 0 -0.03021 0.36201 0.02994 1
keyframe: 14 0.70395 -0.69959 0.12254 0 0.18475 0.01376 -0.98268 0 0.68579 0.7144 0.13894 0 -0.02871 0.36592 0.03159 1
keyframe: 15 0.66143 -0.74615 0.07592 0 0.17587 0.05589 -0.98282 0 0.72909 0.66342 0.16819 0 -0.02467 0.36556 0.03259 1
keyframe: 16 0.58703 -0.80836 0.04389 0 0.18774 0.08319 -0.97868 0 0.78748 0.58276 0.2006 0 -0.01959 0.36119 0.03381 1
keyframe: 17 0.51493 -0.85678 0.02767 0 0.20595 0.0923 -0.97419 0 0.83212 0.50734 0.22398 0 -0.01529 0.35641 0.03585 1
keyframe: 18 0.46367 -0.88585 0.01639 0 0.21819 0.09623 -0.97114 0 0.85871 0.45387 0.2379 0 -0.01482 0.35382 0.039 1
keyframe: 19 0.37667 -0.92624 0.0135 0 0.22518 0.07741 -0.97123 0 0.89855 0.36887 0.23774 0 -0.02024 0.35246 0.04331 1
keyframe: 20 0.25329 -0.96738 -0.00136 0 0.2332 0.06242 -0.97042 0 0.93885 0.24548 0.24141 0 -0.02866 0.3521 0.04659 1

#Bone: L_leg 
globalBindposeInverse: -0.04682 -0.9989 0 0 -0.9989 0.04682 0 0 0 0 -1 0 0.37178 0.03604 0.00115 1
keyframe: 0 0.01682 -0.99681 0.0779 0 -0.13401 0.07496 0.98813 0 -0.99083 -0.02706 -0.13233 0 0.00572 0.3386 -0.04915 1
keyframe: 1 0.27815 -0.95374 0.114 0 -0.18803 0.06232 0.98018 0 -0.94195 -0.29407 -0.162 0 0.00043 0.34314 -0.0492 1
keyframe: 2 0.49184 -0.85936 0.13996 0 -0.2138 0.03663 0.97618 0 -0.84402 -0.51005 -0.16572 0 -0.00293 0.34957 -0.05128 1
keyframe: 3 0.62619 -0.76472 0.15188 0 -0.21824 0.01509 0.97577 0 -0.74849 -0.64417 -0.15745 0 -0.00463 0.35616 -0.05505 1
keyframe: 4 0.67726 -0.72077 0.14764 0 -0.20821 0.00469 0.97807 0 -0.70566 -0.69315 -0.14689 0 -0.00431 0.35991 -0.05887 1
keyframe: 5 0.66199 -0.739 0.12506 0 -0.17883 0.0063 0.98385 0 -0.72786 -0.67367 -0.12799 0 -0.00114 0.35954 -0.06186 1
keyframe: 6 0.60668 -0.78911 0.09606 0 -0.14273 0.01074 0.9897 0 -0.78202 -0.61415 -0.10611 0 0.00375 0.35545 -0.06421 1
keyframe: 7 0.53579 -0.841 0.07505 0 -0.11691 0.01413 0.99304 0 -0.83621 -0.54084 -0.09075 0 0.00703 0.35099 -0.06633 1
keyframe: 8 0.4642 -0.88198 0.08134 0 -0.11424 0.03145 0.99295 0 -0.87832 -0.47022 -0.08616 0 0.00631 0.34772 -0.06893 1
keyframe: 9 0.39491 -0.91288 0.10335 0 -0.12895 0.0563 0.99005 0 -0.90962 -0.40431 -0.09548 0 0.00077 0.34572 -0.07254 1
keyframe: 10 0.26407 -0.95678 0.12178 0 -0.14254 0.08616 0.98603 0 -0.9539 -0.27774 -0.11362 0 -0.00588 0.34493 -0.07533 1
keyframe: 11 0.05074 -0.99177 0.11753 0 -0.13543 0.10976 0.98468 0 -0.98948 -0.06588 -0.12875 0 -0.00977 0.34672 -0.07553 1
keyframe: 12 -0.36192 -0.9299 0.0655 0 -0.10902 0.11201 0.9877 0 -0.9258 0.35033 -0.14192 0 -0.00958 0.34879 -0.07299 1
keyframe: 13 -0.48186 -0.87496 0.04742 0 -0.09457 0.10573 0.98988 0 -0.87112 0.4725 -0.13369 0 -0.00562 0.35175 -0.06917 1
keyframe: 14 -0.56412 -0.82493 0.03527 0 -0.09012 0.10398 0.99048 0 -0.82075 0.55558 -0.133 0 -0.00048 0.35331 -0.06627 1
keyframe: 15 -0.6296 -0.7756 0.04515 0 -0.07601 0.11934 0.98993 0 -0.77319 0.61983 -0.13409 0 0.0042 0.35384 -0.06519 1
keyframe: 16 -0.62061 -0.78014 0.07881 0 -0.05102 0.14048 0.98876 0 -0.78245 0.60962 -0.12699 0 0.00797 0.35288 -0.0647 1
keyframe: 17 -0.52233 -0.84693 0.09935 0 -0.04064 0.1411 0.98915 0 -0.85177 0.51263 -0.10812 0 0.0111 0.35048 -0.06315 1
keyframe: 18 -0.38332 -0.91907 0.09141 0 -0.04922 0.11916 0.99165 0 -0.92229 0.37562 -0.09092 0 0.01269 0.34717 -0.05965 1
keyframe: 19 -0.20418 -0.97605 0.07505 0 -0.08024 0.09309 0.99241 0 -0.97563 0.19661 -0.09733 0 0.01055 0.34251 -0.05408 1
keyframe: 20 0.01682 -0.99681 0.0779 0 -0.13401 0.07496 0.98813 0 -0.99083 -0.02706 -0.13233 0 0.00572 0.3386 -0.04915 1

#Bone: R_leg2 
globalBindposeInverse: 0.05906 0.99825 0 0 -0.99823 0.05906 0.00671 0 0.0067 -0.00039 0.99997 0 0.19466 0.0312 -0.00115 1
keyframe: 0 -0.4235 -0.89939 -0.10828 0 0.2162 0.01572 -0.97622 0 0.87971 -0.43684 0.18779 0 0.01695 0.17786 0.04635 1
keyframe: 1 -0.44554 -0.89114 -0.08574 0 0.22235 -0.01737 -0.97481 0 0.8672 -0.45338 0.20588 0 -0.02983 0.17673 0.04204 1
keyframe: 2 -0.48567 -0.87206 -0.06013 0 0.20116 -0.04455 -0.97854 0 0.85067 -0.48734 0.19706 0 -0.06105 0.18376 0.04004 1
keyframe: 3 -0.50107 -0.86533 -0.01111 0 0.16919 -0.08536 -0.98187 0 0.8487 -0.49387 0.18918 0 -0.09353 0.19711 0.03508 1
keyframe: 4 -0.56385 -0.82503 0.03734 0 0.12708 -0.13136 -0.98315 0 0.81603 -0.5496 0.17891 0 -0.11426 0.21058 0.03275 1
keyframe: 5 -0.69416 -0.71827 0.04705 0 0.10327 -0.16407 -0.98102 0 0.71237 -0.67613 0.18807 0 -0.11659 0.21553 0.03201 1
keyframe: 6 -0.87197 -0.48945 0.01011 0 0.0926 -0.18519 -0.97832 0 0.48071 -0.85213 0.20681 0 -0.0995 0.2057 0.03278 1
keyframe: 7 -0.97891 -0.20332 -0.01933 0 0.06259 -0.20852 -0.97601 0 0.19442 -0.95664 0.21686 0 -0.07516 0.19203 0.03578 1
keyframe: 8 -0.9975 0.02953 -0.06411 0 0.05584 -0.22531 -0.97268 0 -0.04317 -0.97383 0.2231 0 -0.04766 0.17991 0.04341 1
keyframe: 9 -0.98165 0.14092 -0.12838 0 0.09039 -0.24887 -0.9643 0 -0.16784 -0.95822 0.23156 0 -0.01571 0.17305 0.05405 1
keyframe: 10 -0.97832 0.09833 -0.18221 0 0.15218 -0.25522 -0.95483 0 -0.14039 -0.96186 0.23472 0 0.01978 0.1765 0.06287 1
keyframe: 11 -0.97498 -0.10657 -0.19507 0 0.21374 -0.20848 -0.95438 0 0.06104 -0.9722 0.22604 0 0.05395 0.19343 0.06701 1
keyframe: 12 -0.89736 -0.40847 -0.16699 0 0.23395 -0.11949 -0.96487 0 0.37417 -0.90491 0.20279 0 0.07969 0.2168 0.06613 1
keyframe: 13 -0.69979 -0.70412 -0.12036 0 0.2065 -0.0381 -0.9777 0 0.68384 -0.70904 0.17207 0 0.09375 0.23512 0.06115 1
keyframe: 14 -0.411 -0.9084 -0.0767 0 0.17106 0.00579 -0.98524 0 0.89543 -0.41806 0.15301 0 0.09807 0.23991 0.05366 1
keyframe: 15 -0.11629 -0.99215 -0.04598 0 0.17099 0.0256 -0.98493 0 0.97838 -0.1224 0.16667 0 0.09446 0.23116 0.04627 1
keyframe: 16 0.06043 -0.99772 -0.02977 0 0.19829 0.04123 -0.97927 0 0.97827 0.05327 0.20033 0 0.08614 0.21559 0.04172 1
keyframe: 17 0.0482 -0.99802 -0.04026 0 0.21781 0.04984 -0.97471 0 0.97479 0.03821 0.21978 0 0.07745 0.20209 0.04083 1
keyframe: 18 -0.11417 -0.98999 -0.08288 0 0.2252 0.05546 -0.97273 0 0.96759 -0.12972 0.21661 0 0.06869 0.19426 0.04195 1
keyframe: 19 -0.29929 -0.94856 -0.10319 0 0.2196 0.03676 -0.97489 0 0.92854 -0.31444 0.1973 0 0.04759 0.18562 0.04574 1
keyframe: 20 -0.4235 -0.89939 -0.10828 0 0.2162 0.01572 -0.97622 0 0.87971 -0.43684 0.18779 0 0.01695 0.17786 0.04635 1

#Bone: L_leg2 
globalBindposeInverse: -0.03612 -0.99934 0 0 -0.99932 0.03612 -0.00671 0 0.0067 -0.00024 -0.99997 0 0.19212 0.0381 0.00115 1
keyframe: 0 -0.97162 0.16693 -0.16757 0 -0.18573 -0.0998 0.97751 0 0.14645 0.9809 0.12797 0 0.00873 0.15991 -0.03519 1
keyframe: 1 -0.97822 0.00917 -0.20732 0 -0.20691 -0.11967 0.97101 0 -0.0159 0.99277 0.11896 0 0.05029 0.17217 -0.02876 1
keyframe: 2 -0.93821 -0.26986 -0.21664 0 -0.18315 -0.14393 0.97248 0 -0.29362 0.95207 0.08561 0 0.08523 0.19552 -0.02619 1
keyframe: 3 -0.77667 -0.59898 -0.19491 0 -0.13269 -0.1469 0.9802 0 -0.61576 0.78716 0.03461 0 0.10762 0.21907 -0.02782 1
keyframe: 4 -0.49547 -0.85635 -0.14548 0 -0.07545 -0.12442 0.98935 0 -0.86533 0.50118 -0.00296 0 0.11709 0.2307 -0.0324 1
keyframe: 5 -0.19821 -0.97651 -0.08445 0 -0.05035 -0.0759 0.99584 0 -0.97886 0.20164 -0.03412 0 0.11752 0.22707 -0.03944 1
keyframe: 6 -0.01281 -0.99888 -0.0454 0 -0.06456 -0.04448 0.99692 0 -0.99783 0.01571 -0.06392 0 0.11251 0.21399 -0.04699 1
keyframe: 7 -0.00061 -0.99957 -0.02924 0 -0.08648 -0.02908 0.99582 0 -0.99625 0.00313 -0.08643 0 0.10308 0.20023 -0.05288 1
keyframe: 8 -0.12175 -0.99246 -0.01342 0 -0.06754 -0.0052 0.9977 0 -0.99025 0.12238 -0.0664 0 0.08953 0.18961 -0.05435 1
keyframe: 9 -0.33011 -0.9438 -0.01619 0 -0.06602 0.00597 0.99779 0 -0.94162 0.33045 -0.06429 0 0.07156 0.18207 -0.05401 1
keyframe: 10 -0.4594 -0.88794 -0.02245 0 -0.08172 0.01708 0.9965 0 -0.88445 0.45963 -0.08041 0 0.04145 0.17342 -0.05349 1
keyframe: 11 -0.51215 -0.85876 -0.01472 0 -0.0868 0.0347 0.99562 0 -0.85449 0.51119 -0.09231 0 -0.00067 0.16893 -0.05447 1
keyframe: 12 -0.35808 -0.93326 0.02821 0 -0.08853 0.06402 0.99401 0 -0.92948 0.35344 -0.10555 0 -0.07446 0.18209 -0.06125 1
keyframe: 13 -0.47936 -0.87744 0.01723 0 -0.08166 0.06414 0.99459 0 -0.8738 0.47537 -0.1024 0 -0.092 0.1949 -0.06067 1
keyframe: 14 -0.5603 -0.82827 -0.00486 0 -0.09051 0.05538 0.99435 0 -0.82332 0.55758 -0.106 0 -0.10161 0.20542 -0.05995 1
keyframe: 15 -0.65028 -0.75888 -0.03491 0 -0.07324 0.01687 0.99717 0 -0.75615 0.651 -0.06655 0 -0.10866 0.2148 -0.05709 1
keyframe: 16 -0.80513 -0.58905 -0.06911 0 -0.05961 -0.03556 0.99758 0 -0.59009 0.80731 -0.00648 0 -0.10328 0.21303 -0.05057 1
keyframe: 17 -0.94297 -0.31387 -0.11083 0 -0.09859 -0.05466 0.99362 0 -0.31792 0.94789 0.02059 0 -0.08253 0.19865 -0.04534 1
keyframe: 18 -0.98955 -0.05712 -0.13237 0 -0.12904 -0.05839 0.98991 0 -0.06427 0.99665 0.05041 0 -0.05601 0.18241 -0.04326 1
keyframe: 19 -0.98324 0.11573 -0.1408 0 -0.14965 -0.0717 0.98613 0 0.10403 0.99068 0.08782 0 -0.02605 0.16753 -0.04062 1
keyframe: 20 -0.97162 0.16693 -0.16757 0 -0.18573 -0.0998 0.97751 0 0.14645 0.9809 0.12797 0 0.00873 0.15991 -0.03519 1

#Bone: R_foot 
globalBindposeInverse: 0 -0.99999 0 0 0.99997 0 0.00671 0 -0.00671 0 0.99997 0 -0.03486 -0.03332 -0.00115 1
keyframe: 0 0.4261 0.89952 0.09638 0 -0.2113 -0.00463 0.9774 0 0.87965 -0.43684 0.1881 0 -0.04991 0.03585 0.02925 1
keyframe: 1 0.4482 0.89087 0.07387 0 -0.21718 0.02836 0.97571 0 0.86714 -0.45336 0.20619 0 -0.10018 0.03603 0.02851 1
keyframe: 2 0.48807 0.87146 0.04821 0 -0.1955 0.05532 0.97914 0 0.85062 -0.48732 0.19737 0 -0.13773 0.04607 0.03054 1
keyframe: 3 0.50308 0.86423 -0.00084 0 -0.16335 0.09604 0.98188 0 0.84865 -0.49383 0.18949 0 -0.17265 0.06048 0.03333 1
keyframe: 4 0.56535 0.82337 -0.04931 0 -0.12046 0.14156 0.98257 0 0.816 -0.54955 0.17922 0 -0.20329 0.08032 0.03865 1
keyframe: 5 0.69536 0.71623 -0.05899 0 -0.09503 0.17301 0.98032 0 0.71234 -0.67607 0.18837 0 -0.22619 0.10212 0.03944 1
keyframe: 6 0.87303 0.48716 -0.02203 0 -0.08213 0.19141 0.97806 0 0.48069 -0.85207 0.20711 0 -0.23717 0.12842 0.03438 1
keyframe: 7 0.9796 0.20078 0.00744 0 -0.05072 0.21129 0.9761 0 0.19441 -0.95657 0.21716 0 -0.22972 0.15993 0.03273 1
keyframe: 8 0.99811 -0.03226 0.05226 0 -0.04368 0.22524 0.97332 0 -0.04317 -0.97376 0.2234 0 -0.20515 0.18458 0.03328 1
keyframe: 9 0.98268 -0.14393 0.11663 0 -0.07838 0.24743 0.96572 0 -0.16786 -0.95815 0.23187 0 -0.17071 0.1953 0.03378 1
keyframe: 10 0.98011 -0.10142 0.17057 0 -0.14021 0.2543 0.9569 0 -0.14043 -0.96178 0.23502 0 -0.13467 0.19203 0.0341 1
keyframe: 11 0.97751 0.10403 0.18343 0 -0.20187 0.21007 0.95661 0 0.06098 -0.97213 0.22634 0 -0.09998 0.1766 0.03621 1
keyframe: 12 0.90014 0.40699 0.15523 0 -0.22312 0.12474 0.96677 0 0.3741 -0.90487 0.20309 0 -0.06199 0.1523 0.03976 1
keyframe: 13 0.70225 0.70361 0.10845 0 -0.19818 0.0469 0.97904 0 0.68378 -0.70902 0.17238 0 -0.01673 0.12395 0.04214 1
keyframe: 14 0.41305 0.9084 0.0647 0 -0.16633 0.00539 0.98605 0 0.89539 -0.41805 0.15332 0 0.03318 0.09648 0.04155 1
keyframe: 15 0.11835 0.99238 0.03398 0 -0.16987 -0.01348 0.98537 0 0.97833 -0.12239 0.16698 0 0.0761 0.07451 0.03901 1
keyframe: 16 -0.05802 0.99815 0.01784 0 -0.19932 -0.02909 0.9795 0 0.97821 0.05327 0.20064 0 0.09568 0.05806 0.03702 1
keyframe: 17 -0.04555 0.99855 0.02839 0 -0.21869 -0.0377 0.97506 0 0.97472 0.03821 0.22009 0 0.08506 0.04451 0.03448 1
keyframe: 18 0.1169 0.99059 0.07103 0 -0.22409 -0.04337 0.9736 0 0.96752 -0.12973 0.21692 0 0.05066 0.03795 0.02886 1
keyframe: 19 0.30194 0.94894 0.09131 0 -0.21623 -0.02511 0.97601 0 0.92847 -0.31444 0.19761 0 0.00034 0.03586 0.02945 1
keyframe: 20 0.42609 0.89952 0.09638 0 -0.2113 -0.00463 0.9774 0 0.87965 -0.43684 0.1881 0 -0.04991 0.03585 0.02925 1

#Bone: L_foot 
globalBindposeInverse: 0 -0.99999 0 0 0.99997 0 0.00671 0 -0.00671 0 0.99997 0 -0.03579 0.03942 -0.00115 1
keyframe: 0 0.97267 -0.16635 0.16195 0 -0.18018 -0.10103 0.97842 0 -0.14639 -0.98087 -0.12825 0 -0.14178 0.18577 -0.06115 1
keyframe: 1 0.9794 -0.00847 0.20174 0 -0.20128 -0.12 0.97215 0 0.01596 -0.99273 -0.11924 0 -0.10125 0.17359 -0.06088 1
keyframe: 2 0.93924 0.27069 0.21104 0 -0.17767 -0.14264 0.97369 0 0.29367 -0.95203 -0.08588 0 -0.06011 0.15371 -0.05975 1
