#KeyframeAnimationInfo
Keyframe_Length: 21
BoneCount: 16
WeightVertexCount: 637

#Bone: hip 
globalBindposeInverse: 0 -1 0 0 0.99999 0 0 0 0 0 0.99999 0 -0.40047 0.00205 -0.00115 1
keyframe: 0 -0.10867 0.99406 0.00457 0 -0.12268 -0.00884 -0.9924 0 -0.98647 -0.1084 0.12291 0 0.005 0.37629 0.00193 1
keyframe: 1 -0.12033 0.99269 0.00829 0 -0.14215 -0.00896 -0.9898 0 -0.9825 -0.12028 0.14219 0 0.00944 0.37816 0.00169 1
keyframe: 2 -0.13086 0.99134 -0.01044 0 -0.18963 -0.03537 -0.98121 0 -0.97309 -0.12642 0.19262 0 0.01109 0.38208 0.00321 1
keyframe: 3 -0.1485 0.98829 -0.03494 0 -0.24438 -0.07091 -0.96708 0 -0.95824 -0.13507 0.25205 0 0.00914 0.38678 0.00558 1
keyframe: 4 -0.17373 0.9837 -0.04635 0 -0.27973 -0.09442 -0.95542 0 -0.94422 -0.15301 0.29157 0 0.00475 0.38939 0.00755 1
keyframe: 5 -0.18639 0.98198 -0.03098 0 -0.28691 -0.08456 -0.95421 0 -0.93964 -0.16897 0.2975 0 -0.00048 0.3891 0.00908 1
keyframe: 6 -0.17281 0.98494 -0.004 0 -0.27408 -0.05199 -0.96029 0 -0.94605 -0.16485 0.27894 0 -0.00507 0.38571 0.01075 1
keyframe: 7 -0.1427 0.98971 0.00957 0 -0.26299 -0.02859 -0.96437 0 -0.95418 -0.14013 0.26436 0 -0.00761 0.38197 0.01292 1
keyframe: 8 -0.12141 0.99259 -0.00281 0 -0.27322 -0.03614 -0.96127 0 -0.95425 -0.11594 0.27559 0 -0.00695 0.37882 0.01582 1
keyframe: 9 -0.12802 0.99132 -0.0297 0 -0.30475 -0.06782 -0.95001 0 -0.94378 -0.11257 0.31079 0 -0.00302 0.37616 0.01997 1
keyframe: 10 -0.1613 0.98566 -0.04951 0 -0.34015 -0.10262 -0.93475 0 -0.92643 -0.13394 0.35182 0 0.00285 0.37405 0.02348 1
keyframe: 11 -0.17521 0.98335 -0.04818 0 -0.32475 -0.10392 -0.94007 0 -0.92942 -0.14906 0.33755 0 0.00707 0.37847 0.02373 1
keyframe: 12 -0.17599 0.98372 -0.03612 0 -0.29192 -0.0872 -0.95245 0 -0.9401 -0.15708 0.30252 0 0.00887 0.38382 0.02267 1
keyframe: 13 -0.17256 0.98488 -0.01477 0 -0.24149 -0.05684 -0.96873 0 -0.95493 -0.1636 0.24765 0 0.00841 0.38869 0.0204 1
keyframe: 14 -0.17469 0.98459 0.00694 0 -0.18721 -0.02629 -0.98196 0 -0.96666 -0.17284 0.18892 0 0.00578 0.39069 0.01796 1
keyframe: 15 -0.17936 0.98376 0.00664 0 -0.14746 -0.0202 -0.98886 0 -0.97266 -0.17834 0.14869 0 0.00081 0.39036 0.01532 1
keyframe: 16 -0.16978 0.98543 -0.00957 0 -0.13699 -0.03322 -0.99001 0 -0.97591 -0.16677 0.14064 0 -0.00383 0.38781 0.01252 1
keyframe: 17 -0.14282 0.98936 -0.0274 0 -0.14427 -0.0482 -0.98836 0 -0.97917 -0.1372 0.14962 0 -0.00676 0.38482 0.00976 1
keyframe: 18 -0.11365 0.9931 -0.0286 0 -0.14533 -0.0451 -0.98835 0 -0.98283 -0.10817 0.14946 0 -0.00567 0.3814 0.00711 1
keyframe: 19 -0.10158 0.99474 -0.01299 0 -0.13162 -0.02638 -0.99094 0 -0.98608 -0.09895 0.13361 0 -0.00081 0.37796 0.0041 1
keyframe: 20 -0.10867 0.99406 0.00457 0 -0.12268 -0.00884 -0.9924 0 -0.98647 -0.1084 0.12291 0 0.005 0.37629 0.00193 1

#Bone: spine 
globalBindposeInverse: 0 -1 0 0 0.99999 0 0 0 0 0 0.99999 0 -0.46025 0.00205 -0.00115 1
keyframe: 0 -0.18399 0.98191 0.04463 0 -0.18197 0.01059 -0.98324 0 -0.96593 -0.18903 0.17673 0 -0.00148 0.43571 0.0022 1
keyframe: 1 -0.19807 0.97873 0.05341 0 -0.21198 0.01043 -0.97721 0 -0.95699 -0.20488 0.2054 0 0.00225 0.4375 0.00219 1
keyframe: 2 -0.19948 0.97855 0.05132 0 -0.27476 -0.00558 -0.96149 0 -0.94059 -0.2059 0.26998 0 0.00327 0.44134 0.00258 1
keyframe: 3 -0.20152 0.97864 0.04049 0 -0.35312 -0.03402 -0.93495 0 -0.91361 -0.20271 0.35244 0 0.00026 0.44586 0.00349 1
keyframe: 4 -0.2106 0.97691 0.03581 0 -0.41663 -0.05655 -0.90731 0 -0.88434 -0.20601 0.41892 0 -0.00562 0.44819 0.00478 1
keyframe: 5 -0.21667 0.97522 0.04458 0 -0.44333 -0.0576 -0.8945 0 -0.86977 -0.21357 0.44483 0 -0.01162 0.4478 0.00723 1
keyframe: 6 -0.20807 0.97648 0.05648 0 -0.43271 -0.04011 -0.90063 0 -0.87719 -0.21184 0.43088 0 -0.0154 0.44459 0.01051 1
keyframe: 7 -0.18835 0.98053 0.05543 0 -0.4039 -0.02589 -0.91443 0 -0.8952 -0.19462 0.40091 0 -0.01614 0.44113 0.01349 1
keyframe: 8 -0.17557 0.98374 0.03778 0 -0.38396 -0.03308 -0.92275 0 -0.9065 -0.17652 0.38352 0 -0.01421 0.43815 0.01565 1
keyframe: 9 -0.18536 0.98254 0.01565 0 -0.38542 -0.05803 -0.92091 0 -0.90392 -0.17673 0.38945 0 -0.01067 0.43542 0.01819 1
keyframe: 10 -0.21686 0.9762 0.0012 0 -0.39948 -0.08762 -0.91254 0 -0.89072 -0.19837 0.40897 0 -0.00678 0.43297 0.02052 1
keyframe: 11 -0.2295 0.9733 -0.00305 0 -0.37069 -0.09031 -0.92435 0 -0.89994 -0.21101 0.38152 0 -0.0034 0.43725 0.02085 1
keyframe: 12 -0.228 0.97365 -0.0029 0 -0.32438 -0.07877 -0.94264 0 -0.91803 -0.21398 0.33379 0 -0.00164 0.44263 0.02051 1
keyframe: 13 -0.22008 0.97545 0.00691 0 -0.25526 -0.05074 -0.96553 0 -0.94148 -0.21426 0.26016 0 -0.00189 0.44756 0.01952 1
keyframe: 14 -0.21568 0.97623 0.02115 0 -0.17671 -0.01771 -0.9841 0 -0.96034 -0.21599 0.17633 0 -0.00465 0.44955 0.01837 1
keyframe: 15 -0.21362 0.97656 0.0261 0 -0.11873 0.00057 -0.99292 0 -0.96967 -0.21521 0.11582 0 -0.0099 0.44917 0.01572 1
keyframe: 16 -0.20249 0.9791 0.01877 0 -0.10302 -0.00223 -0.99467 0 -0.97384 -0.20335 0.10132 0 -0.01398 0.44672 0.01194 1
keyframe: 17 -0.18055 0.9835 0.01036 0 -0.12315 -0.01215 -0.99231 0 -0.97582 -0.18044 0.12331 0 -0.0153 0.44396 0.00812 1
keyframe: 18 -0.16257 0.9866 0.01333 0 -0.15137 -0.01157 -0.9884 0 -0.97501 -0.1627 0.15122 0 -0.01246 0.44076 0.0054 1
keyframe: 19 -0.16495 0.98588 0.0287 0 -0.16898 0.00042 -0.98561 0 -0.97171 -0.16742 0.16653 0 -0.00688 0.43742 0.00333 1
keyframe: 20 -0.18399 0.98191 0.04463 0 -0.18197 0.01059 -0.98324 0 -0.96593 -0.18903 0.17673 0 -0.00148 0.43571 0.0022 1

#Bone: upper 
globalBindposeInverse: 0 -1 0 0 0.99999 0 0 0 0 0 0.99999 0 -0.58494 0.00205 -0.00115 1
keyframe: 0 -0.32978 0.93824 0.10453 0 -0.27749 0.00949 -0.96068 0 -0.90235 -0.34582 0.25722 0 -0.02443 0.55815 0.00777 1
keyframe: 1 -0.34793 0.92974 0.12044 0 -0.3329 -0.00243 -0.94295 0 -0.87642 -0.36818 0.31036 0 -0.02244 0.55954 0.00885 1
keyframe: 2 -0.32883 0.93248 0.14947 0 -0.43143 -0.00753 -0.90211 0 -0.84007 -0.36113 0.40478 0 -0.0216 0.56336 0.00898 1
keyframe: 3 -0.29096 0.94061 0.17489 0 -0.55357 -0.01641 -0.83263 0 -0.78031 -0.33908 0.52548 0 -0.02486 0.56789 0.00854 1
keyframe: 4 -0.25596 0.94762 0.19101 0 -0.65813 -0.02609 -0.75244 0 -0.70804 -0.31831 0.63035 0 -0.03188 0.57001 0.00925 1
keyframe: 5 -0.24094 0.95033 0.19699 0 -0.71086 -0.03461 -0.70247 0 -0.66076 -0.30929 0.6839 0 -0.03864 0.56941 0.01279 1
keyframe: 6 -0.24388 0.95086 0.19074 0 -0.70405 -0.03834 -0.7091 0 -0.66694 -0.30723 0.67881 0 -0.04135 0.56635 0.01755 1
keyframe: 7 -0.25183 0.95278 0.16962 0 -0.65321 -0.03802 -0.75621 0 -0.71406 -0.30124 0.63194 0 -0.03963 0.5634 0.0204 1
keyframe: 8 -0.26102 0.9544 0.1448 0 -0.59131 -0.03951 -0.80547 0 -0.76302 -0.29587 0.57467 0 -0.0361 0.56082 0.02037 1
keyframe: 9 -0.27745 0.95136 0.13388 0 -0.54937 -0.04278 -0.83448 0 -0.78816 -0.30508 0.53452 0 -0.03379 0.55794 0.02014 1
keyframe: 10 -0.30247 0.94346 0.13556 0 -0.53245 -0.04928 -0.84502 0 -0.79056 -0.32777 0.51726 0 -0.03382 0.55469 0.02067 1
keyframe: 11 -0.31221 0.9412 0.12904 0 -0.48109 -0.03951 -0.87577 0 -0.81918 -0.33551 0.46514 0 -0.03201 0.55862 0.02047 1
keyframe: 12 -0.31135 0.94424 0.10702 0 -0.40363 -0.02944 -0.91444 0 -0.86031 -0.32791 0.39029 0 -0.03008 0.56404 0.02015 1
keyframe: 13 -0.30338 0.94915 0.08399 0 -0.28951 -0.00783 -0.95714 0 -0.90782 -0.31469 0.27717 0 -0.02933 0.56919 0.02038 1
keyframe: 14 -0.29246 0.95355 0.07201 0 -0.16029 0.02535 -0.98674 0 -0.94274 -0.30013 0.14543 0 -0.03155 0.57128 0.02101 1
keyframe: 15 -0.28185 0.95687 0.07033 0 -0.06422 0.05432 -0.99645 0 -0.9573 -0.28537 0.04614 0 -0.03654 0.57094 0.01897 1
keyframe: 16 -0.26965 0.96016 0.0733 0 -0.03945 0.06504 -0.9971 0 -0.96214 -0.27176 0.02034 0 -0.03923 0.5688 0.01429 1
keyframe: 17 -0.25778 0.963 0.07859 0 -0.08342 0.05885 -0.99477 0 -0.96259 -0.26299 0.06516 0 -0.03781 0.5666 0.00941 1
keyframe: 18 -0.25981 0.96172 0.08706 0 -0.15798 0.0466 -0.98634 0 -0.95264 -0.27002 0.13982 0 -0.03274 0.56379 0.00706 1
keyframe: 19 -0.28833 0.95256 0.0974 0 -0.22698 0.03083 -0.9734 0 -0.93023 -0.30277 0.20732 0 -0.02745 0.56035 0.00691 1
keyframe: 20 -0.32978 0.93825 0.10453 0 -0.27749 0.00949 -0.96068 0 -0.90235 -0.34582 0.25722 0 -0.02443 0.55815 0.00777 1

#Bone: head 
globalBindposeInverse: 0 -1 0 0 0.99999 0 0 0 0 0 0.99999 0 -0.63789 0.00205 -0.00115 1
keyframe: 0 -0.30214 0.94759 0.10376 0 -0.4502 -0.04589 -0.89174 0 -0.84025 -0.31614 0.44048 0 -0.04189 0.60783 0.0133 1
keyframe: 1 -0.31955 0.94142 0.10772 0 -0.4884 -0.06621 -0.8701 0 -0.812 -0.33066 0.48095 0 -0.04086 0.60877 0.01523 1
keyframe: 2 -0.3141 0.9399 0.13387 0 -0.56182 -0.07035 -0.82425 0 -0.7653 -0.33411 0.55016 0 -0.03901 0.61274 0.0169 1
keyframe: 3 -0.2904 0.94314 0.1617 0 -0.6539 -0.07222 -0.75312 0 -0.69862 -0.32445 0.63769 0 -0.04027 0.6177 0.0178 1
keyframe: 4 -0.26212 0.94786 0.18123 0 -0.73202 -0.07292 -0.67736 0 -0.62883 -0.31022 0.71297 0 -0.04544 0.62019 0.01936 1
keyframe: 5 -0.24539 0.95102 0.18798 0 -0.77142 -0.07413 -0.63199 0 -0.5871 -0.3001 0.75183 0 -0.0514 0.61973 0.02322 1
keyframe: 6 -0.24273 0.95257 0.18349 0 -0.76765 -0.07296 -0.63669 0 -0.59311 -0.29541 0.74896 0 -0.05426 0.6167 0.02765 1
keyframe: 7 -0.24513 0.9548 0.16811 0 -0.7331 -0.06908 -0.67659 0 -0.6344 -0.2891 0.7169 0 -0.05296 0.61385 0.02938 1
keyframe: 8 -0.24838 0.95714 0.14894 0 -0.6919 -0.06769 -0.71881 0 -0.67792 -0.28159 0.67906 0 -0.04993 0.61136 0.02803 1
keyframe: 9 -0.25587 0.95652 0.13993 0 -0.66553 -0.06932 -0.74314 0 -0.70113 -0.28328 0.65433 0 -0.04848 0.60831 0.02723 1
keyframe: 10 -0.27194 0.95155 0.14351 0 -0.65727 -0.07474 -0.74993 0 -0.70287 -0.29827 0.64575 0 -0.04984 0.60465 0.02785 1
keyframe: 11 -0.2793 0.94884 0.14726 0 -0.61943 -0.06086 -0.78268 0 -0.73367 -0.30982 0.60475 0 -0.04855 0.60846 0.0273 1
keyframe: 12 -0.28456 0.94808 0.14198 0 -0.56353 -0.04562 -0.82483 0 -0.77553 -0.31473 0.54725 0 -0.04656 0.61403 0.02582 1
keyframe: 13 -0.28836 0.94804 0.13439 0 -0.48004 -0.02169 -0.87697 0 -0.82849 -0.3174 0.46135 0 -0.0454 0.61945 0.02483 1
keyframe: 14 -0.2906 0.94784 0.13088 0 -0.38288 0.01016 -0.92373 0 -0.87689 -0.31855 0.35996 0 -0.04703 0.62177 0.02482 1
keyframe: 15 -0.29156 0.94755 0.13087 0 -0.30868 0.03629 -0.95047 0 -0.90537 -0.31752 0.28191 0 -0.05146 0.62161 0.0227 1
keyframe: 16 -0.28709 0.94889 0.13101 0 -0.28845 0.04478 -0.95644 0 -0.91343 -0.31238 0.26085 0 -0.05351 0.61965 0.01817 1
keyframe: 17 -0.27548 0.9525 0.12978 0 -0.32016 0.03639 -0.94666 0 -0.90642 -0.30234 0.29493 0 -0.05146 0.61759 0.01358 1
keyframe: 18 -0.26771 0.95521 0.12611 0 -0.37263 0.01805 -0.9278 0 -0.88852 -0.29537 0.35111 0 -0.04649 0.61471 0.01167 1
keyframe: 19 -0.27864 0.95316 0.11762 0 -0.41819 -0.01016 -0.9083 0 -0.86456 -0.30228 0.40143 0 -0.04271 0.61079 0.01206 1
keyframe: 20 -0.30214 0.94759 0.10376 0 -0.4502 -0.04589 -0.89174 0 -0.84025 -0.31614 0.44048 0 -0.04189 0.60783 0.0133 1

#Bone: L_arm 
globalBindposeInverse: 0.99983 0.01801 0 0 -0.01801 0.99983 0 0 0 0 1 0 -0.0589 -0.58577 -0.00115 1
keyframe: 0 0.56963 -0.67321 0.47149 0 -0.3137 0.35215 0.8818 0 -0.75967 -0.65021 -0.01059 0 -0.00561 0.5572 0.07248 1
keyframe: 1 0.70827 -0.59286 0.3832 0 -0.25432 0.29208 0.92195 0 -0.65852 -0.75046 0.05609 0 0.0001 0.5594 0.07236 1
keyframe: 2 0.827 -0.48846 0.27832 0 -0.16244 0.26631 0.95009 0 -0.53821 -0.83094 0.14089 0 0.00758 0.56356 0.06973 1
keyframe: 3 0.9164 -0.36647 0.16094 0 -0.05248 0.28862 0.956 0 -0.3968 -0.88453 0.24525 0 0.01253 0.56869 0.0646 1
keyframe: 4 0.97046 -0.23769 0.04126 0 0.04686 0.35353 0.93424 0 -0.23665 -0.90471 0.35422 0 0.01255 0.57145 0.0599 1
keyframe: 5 0.98963 -0.13157 -0.05755 0 0.10952 0.43225 0.89507 0 -0.09289 -0.89209 0.44219 0 0.00934 0.57143 0.06006 1
keyframe: 6 0.99104 -0.08498 -0.10295 0 0.13154 0.48997 0.86175 0 -0.02279 -0.86758 0.49676 0 0.00617 0.56862 0.06528 1
keyframe: 7 0.99014 -0.1181 -0.07527 0 0.12544 0.50879 0.8517 0 -0.06229 -0.85274 0.51859 0 0.00447 0.56565 0.07131 1
keyframe: 8 0.9743 -0.2243 0.02042 0 0.09485 0.49086 0.86605 0 -0.20429 -0.84186 0.49953 0 0.00382 0.56317 0.0746 1
keyframe: 9 0.91337 -0.37769 0.15195 0 0.03742 0.44955 0.89246 0 -0.40538 -0.80947 0.42475 0 0.00332 0.56051 0.07634 1
keyframe: 10 0.79887 -0.53589 0.27315 0 -0.03834 0.40783 0.91225 0 -0.60027 -0.73924 0.30525 0 0.00215 0.5577 0.07757 1
keyframe: 11 0.62755 -0.67556 0.38701 0 -0.14685 0.38545 0.91096 0 -0.76459 -0.62851 0.14268 0 0.0005 0.56097 0.07945 1
keyframe: 12 0.4532 -0.75566 0.47284 0 -0.2365 0.4095 0.88112 0 -0.85945 -0.51115 0.00687 0 -0.00277 0.56571 0.08174 1
keyframe: 13 0.305 -0.78385 0.54087 0 -0.29598 0.46179 0.83614 0 -0.90518 -0.41511 -0.09116 0 -0.00972 0.56941 0.08486 1
keyframe: 14 0.20388 -0.78058 0.59086 0 -0.32475 0.51544 0.793 0 -0.92356 -0.35356 -0.1484 0 -0.02065 0.56926 0.08749 1
keyframe: 15 0.16661 -0.76366 0.62374 0 -0.33464 0.55124 0.76429 0 -0.92749 -0.33607 -0.16371 0 -0.03212 0.56696 0.08611 1
keyframe: 16 0.18841 -0.74556 0.63923 0 -0.33927 0.5614 0.75479 0 -0.92162 -0.35909 -0.14717 0 -0.03648 0.5641 0.08146 1
keyframe: 17 0.24796 -0.73452 0.63165 0 -0.34298 0.54322 0.76633 0 -0.90601 -0.40667 -0.11723 0 -0.0321 0.56231 0.07643 1
keyframe: 18 0.33126 -0.73048 0.5972 0 -0.34542 0.49511 0.79721 0 -0.87803 -0.47037 -0.08831 0 -0.022 0.56033 0.0735 1
keyframe: 19 0.43716 -0.71811 0.54147 0 -0.34262 0.42368 0.83851 0 -0.83156 -0.55208 -0.06082 0 -0.01205 0.55796 0.07248 1
keyframe: 20 0.56963 -0.67321 0.47149 0 -0.3137 0.35215 0.8818 0 -0.75967 -0.65021 -0.01059 0 -0.00562 0.5572 0.07248 1

#Bone: L_arm2 
globalBindposeInverse: 0.99968 -0.02514 0 0 0.02514 0.99968 0 0 0 0 1 0 -0.19422 -0.57792 -0.00115 1
keyframe: 0 -0.53964 -0.82454 0.17006 0 -0.25527 0.35274 0.90022 0 -0.80225 0.44238 -0.40084 0 0.05714 0.48302 0.12443 1
keyframe: 1 -0.33198 -0.91574 0.22626 0 -0.19803 0.30219 0.93244 0 -0.92226 0.26475 -0.28167 0 0.07815 0.49407 0.11458 1
keyframe: 2 -0.12046 -0.95487 0.27148 0 -0.10978 0.28461 0.95233 0 -0.98662 0.08492 -0.13911 0 0.09871 0.50974 0.1004 1
keyframe: 3 0.10894 -0.94367 0.31241 0 -0.00615 0.31364 0.94952 0 -0.99402 -0.10536 0.02836 0 0.11351 0.52831 0.08233 1
keyframe: 4 0.322 -0.8842 0.33837 0 0.08559 0.38313 0.91971 0 -0.94286 -0.26719 0.19905 0 0.11948 0.54526 0.06444 1
keyframe: 5 0.4501 -0.81696 0.3605 0 0.14309 0.46448 0.87394 0 -0.88143 -0.34178 0.32597 0 0.11838 0.55693 0.05372 1
keyframe: 6 0.44976 -0.79436 0.40828 0 0.16564 0.52339 0.83583 0 -0.87765 -0.30829 0.36698 0 0.11537 0.55925 0.05394 1
keyframe: 7 0.32968 -0.81836 0.47073 0 0.16587 0.54106 0.82445 0 -0.9294 -0.19372 0.31412 0 0.11357 0.55263 0.06302 1
keyframe: 8 0.14448 -0.85359 0.50049 0 0.14354 0.51853 0.84292 0 -0.97903 -0.04994 0.19745 0 0.11118 0.53845 0.07685 1
keyframe: 9 -0.04474 -0.87886 0.47497 0 0.09159 0.46983 0.87798 0 -0.99479 0.08279 0.05947 0 0.10396 0.51889 0.09308 1
keyframe: 10 -0.21436 -0.88492 0.41346 0 0.01728 0.4198 0.90744 0 -0.9766 0.20166 -0.07469 0 0.09018 0.49865 0.10767 1
keyframe: 11 -0.40969 -0.85399 0.32069 0 -0.09152 0.38825 0.91699 0 -0.90761 0.34633 -0.23723 0 0.06965 0.48653 0.1221 1
keyframe: 12 -0.60414 -0.7654 0.22174 0 -0.18165 0.40321 0.89689 0 -0.77589 0.50157 -0.38263 0 0.04716 0.48244 0.13384 1
keyframe: 13 -0.7851 -0.61177 0.09663 0 -0.2411 0.44559 0.86215 0 -0.5705 0.65358 -0.49734 0 0.02388 0.48303 0.14446 1
keyframe: 14 -0.91138 -0.40755 -0.05716 0 -0.27042 0.48833 0.82969 0 -0.31023 0.77163 -0.55527 0 0.00181 0.48324 0.15259 1
keyframe: 15 -0.95596 -0.22352 -0.19015 0 -0.28148 0.51512 0.80957 0 -0.083 0.82745 -0.55536 0 -0.01376 0.48281 0.15484 1
keyframe: 16 -0.95839 -0.15046 -0.24257 0 -0.28539 0.52217 0.80366 0 0.00574 0.83946 -0.54339 0 -0.01572 0.48195 0.1519 1
keyframe: 17 -0.95458 -0.22622 -0.19387 0 -0.28547 0.50827 0.81249 0 -0.08526 0.83094 -0.54977 0 -0.00478 0.48138 0.14603 1
keyframe: 18 -0.90494 -0.41942 -0.07188 0 -0.2844 0.47044 0.83534 0 -0.31654 0.77638 -0.545 0 0.01449 0.47983 0.13931 1
keyframe: 19 -0.75666 -0.6507 0.06354 0 -0.28167 0.41216 0.86647 0 -0.59001 0.63773 -0.49515 0 0.03611 0.47883 0.13214 1
keyframe: 20 -0.53963 -0.82454 0.17006 0 -0.25527 0.35274 0.90022 0 -0.80225 0.44238 -0.40084 0 0.05714 0.48302 0.12443 1

#Bone: L_hand 
globalBindposeInverse: 0 -1 0 0 0.99999 0 0 0 0 0 0.99999 0 -0.58659 0.33744 -0.00115 1
keyframe: 0 -0.26877 0.33189 0.90421 0 0.53304 0.83315 -0.14736 0 -0.80225 0.44238 -0.40084 0 -0.02803 0.35286 0.15128 1
keyframe: 1 -0.20632 0.27906 0.93784 0 0.3269 0.92305 -0.20274 0 -0.92226 0.26475 -0.28167 0 0.02574 0.34951 0.1503 1
keyframe: 2 -0.11277 0.2605 0.95886 0 0.11766 0.96172 -0.24744 0 -0.98662 0.08492 -0.13911 0 0.07969 0.359 0.14326 1
keyframe: 3 -0.00341 0.2898 0.95707 0 -0.10906 0.95126 -0.28843 0 -0.99402 -0.10536 0.02836 0 0.13071 0.37934 0.13165 1
keyframe: 4 0.09366 0.36077 0.92793 0 -0.31974 0.89355 -0.31513 0 -0.94286 -0.26719 0.19905 0 0.17031 0.40568 0.11786 1
keyframe: 5 0.15437 0.44379 0.88273 0 -0.44636 0.82839 -0.33841 0 -0.88143 -0.34178 0.32597 0 0.18944 0.42796 0.11063 1
keyframe: 6 0.1769 0.50325 0.84583 0 -0.44545 0.80727 -0.38713 0 -0.87765 -0.30829 0.36698 0 0.18637 0.43386 0.11839 1
keyframe: 7 0.17411 0.52031 0.83603 0 -0.3254 0.8317 -0.44985 0 -0.9294 -0.19372 0.31412 0 0.16562 0.42344 0.13733 1
keyframe: 8 0.14713 0.4969 0.85524 0 -0.14083 0.86636 -0.47913 0 -0.97903 -0.04994 0.19745 0 0.13399 0.4037 0.15586 1
keyframe: 9 0.09044 0.44758 0.88965 0 0.04703 0.8904 -0.45273 0 -0.99479 0.08279 0.05947 0 0.0969 0.38015 0.16806 1
keyframe: 10 0.01188 0.39741 0.91756 0 0.21473 0.8952 -0.39051 0 -0.9766 0.20166 -0.07469 0 0.05634 0.35896 0.17294 1
keyframe: 11 -0.1018 0.36665 0.92476 0 0.40726 0.86348 -0.29752 0 -0.90761 0.34633 -0.23723 0 0.00498 0.35172 0.17272 1
keyframe: 12 -0.19678 0.38383 0.90218 0 0.59938 0.7753 -0.19911 0 -0.77589 0.50157 -0.38263 0 -0.0482 0.36162 0.16885 1
keyframe: 13 -0.26077 0.43007 0.86431 0 0.77879 0.62278 -0.07492 0 -0.5705 0.65358 -0.49734 0 -0.10005 0.38646 0.15972 1
keyframe: 14 -0.29325 0.47793 0.82799 0 0.90429 0.41971 0.07801 0 -0.31023 0.77163 -0.55527 0 -0.14205 0.41891 0.14357 1
keyframe: 15 -0.30543 0.50933 0.80453 0 0.94858 0.23641 0.21045 0 -0.083 0.82745 -0.55536 0 -0.16467 0.44753 0.12482 1
keyframe: 16 -0.3094 0.51822 0.79731 0 0.95091 0.16355 0.26271 0 0.00574 0.83946 -0.54339 0 -0.16702 0.4582 0.1136 1
keyframe: 17 -0.30939 0.50242 0.80736 0 0.9471 0.23893 0.21424 0 -0.08526 0.83094 -0.54977 0 -0.15547 0.44566 0.11543 1
keyframe: 18 -0.30707 0.45974 0.83327 0 0.8975 0.43112 0.09287 0 -0.31654 0.77638 -0.545 0 -0.12836 0.41362 0.12796 1
keyframe: 19 -0.30061 0.39566 0.8678 0 0.74934 0.66086 -0.04173 0 -0.59001 0.63773 -0.49515 0 -0.08333 0.37611 0.14217 1
keyframe: 20 -0.26877 0.33189 0.90421 0 0.53304 0.83315 -0.14736 0 -0.80226 0.44238 -0.40084 0 -0.02803 0.35286 0.15128 1

#Bone: R_arm 
globalBindposeInverse: -0.99995 -0.00925 0 0 -0.00925 0.99995 0 0 0 0 -1 0 -0.0631 -0.58423 0.00115 1
keyframe: 0 -0.14589 -0.67004 -0.72784 0 -0.90346 0.38998 -0.17792 0 0.40306 0.63162 -0.66225 0 -0.04357 0.55759 -0.06016 1
keyframe: 1 -0.2527 -0.76591 -0.59119 0 -0.90651 0.40099 -0.132 0 0.33817 0.50257 -0.79565 0 -0.04547 0.55815 -0.05785 1
keyframe: 2 -0.35345 -0.80395 -0.47825 0 -0.89872 0.43368 -0.06483 0 0.25953 0.4069 -0.87582 0 -0.05161 0.5616 -0.05487 1
keyframe: 3 -0.43876 -0.81077 -0.38746 0 -0.88097 0.4731 0.00765 0 0.1771 0.3447 -0.92185 0 -0.06354 0.56549 -0.05044 1
keyframe: 4 -0.49118 -0.80359 -0.33612 0 -0.8628 0.50183 0.06107 0 0.1196 0.32 -0.93983 0 -0.07799 0.56692 -0.0441 1
keyframe: 5 -0.49692 -0.80265 -0.32985 0 -0.86168 0.50141 0.078 0 0.10278 0.32298 -0.9408 0 -0.08849 0.56571 -0.03704 1
keyframe: 6 -0.45262 -0.81418 -0.36364 0 -0.88275 0.46675 0.05371 0 0.12599 0.34532 -0.92998 0 -0.09072 0.56239 -0.03273 1
keyframe: 7 -0.37175 -0.82944 -0.41691 0 -0.91196 0.41025 -0.003 0 0.17353 0.37909 -0.90893 0 -0.0854 0.55946 -0.03318 1
keyframe: 8 -0.27643 -0.83429 -0.47699 0 -0.93518 0.34787 -0.06648 0 0.2214 0.4277 -0.87638 0 -0.07749 0.55677 -0.03666 1
keyframe: 9 -0.18052 -0.81031 -0.55749 0 -0.95049 0.28947 -0.11296 0 0.25291 0.5095 -0.82245 0 -0.07219 0.55366 -0.03892 1
keyframe: 10 -0.08802 -0.73869 -0.66827 0 -0.96209 0.23689 -0.13513 0 0.25813 0.63104 -0.73154 0 -0.071 0.54997 -0.03914 1
keyframe: 11 0.01249 -0.60425 -0.79669 0 -0.95946 0.2171 -0.17971 0 0.28155 0.76664 -0.57704 0 -0.06556 0.55459 -0.0415 1
keyframe: 12 0.10213 -0.43951 -0.8924 0 -0.95088 0.22037 -0.21736 0 0.2922 0.87078 -0.39542 0 -0.05815 0.56071 -0.04452 1
keyframe: 13 0.17987 -0.27466 -0.94456 0 -0.93504 0.25046 -0.25089 0 0.30549 0.92834 -0.21176 0 -0.04937 0.56739 -0.04727 1
keyframe: 14 0.2428 -0.14236 -0.95957 0 -0.91426 0.29709 -0.27541 0 0.32429 0.94417 -0.05802 0 -0.04247 0.57181 -0.04872 1
keyframe: 15 0.27644 -0.07736 -0.95791 0 -0.8958 0.34021 -0.28599 0 0.34802 0.93716 0.02474 0 -0.0407 0.57351 -0.05143 1
keyframe: 16 0.26459 -0.10168 -0.95898 0 -0.88432 0.37105 -0.28334 0 0.38464 0.92302 0.00825 0 -0.04166 0.57213 -0.05617 1
keyframe: 17 0.20012 -0.2078 -0.95748 0 -0.88033 0.39083 -0.26882 0 0.43007 0.89669 -0.10471 0 -0.04336 0.56948 -0.06089 1
keyframe: 18 0.09407 -0.36001 -0.92818 0 -0.88346 0.3996 -0.24454 0 0.45894 0.84303 -0.28047 0 -0.04354 0.56581 -0.06266 1
keyframe: 19 -0.02586 -0.52209 -0.85249 0 -0.89327 0.39489 -0.21474 0 0.44876 0.75596 -0.47658 0 -0.04309 0.56127 -0.06191 1
keyframe: 20 -0.14589 -0.67004 -0.72784 0 -0.90346 0.38998 -0.17792 0 0.40306 0.63162 -0.66226 0 -0.04357 0.55759 -0.06016 1

#Bone: R_arm2 
globalBindposeInverse: -1 0 0 0 0 0.99999 0 0 0 0 -0.99999 0 -0.17571 -0.58262 0.00115 1
keyframe: 0 -0.36911 -0.91403 -0.16822 0 -0.89273 0.39902 -0.20927 0 0.2584 0.07293 -0.96327 0 -0.05921 0.48575 -0.13819 1
keyframe: 1 -0.42298 -0.9007 0.09904 0 -0.8991 0.4036 -0.16942 0 0.11262 -0.16071 -0.98055 0 -0.07257 0.47604 -0.12123 1
keyframe: 2 -0.43522 -0.80813 0.39686 0 -0.89672 0.42845 -0.11093 0 -0.08038 -0.40415 -0.91114 0 -0.0895 0.47541 -0.10614 1
keyframe: 3 -0.36454 -0.63782 0.67844 0 -0.88793 0.45756 -0.04694 0 -0.28049 -0.61953 -0.73314 0 -0.11058 0.47857 -0.09198 1
keyframe: 4 -0.22942 -0.42652 0.87489 0 -0.88011 0.47475 0.00066 0 -0.41564 -0.76985 -0.48431 0 -0.13065 0.48077 -0.08013 1
keyframe: 5 -0.11384 -0.24764 0.96213 0 -0.88547 0.46445 0.01477 0 -0.45052 -0.85026 -0.27215 0 -0.14177 0.47966 -0.0724 1
keyframe: 6 -0.09464 -0.17439 0.98011 0 -0.90514 0.42494 -0.01179 0 -0.41443 -0.88826 -0.19807 0 -0.13924 0.4751 -0.07172 1
keyframe: 7 -0.17138 -0.24583 0.95403 0 -0.92589 0.37111 -0.0707 0 -0.33667 -0.89545 -0.29122 0 -0.12525 0.47054 -0.07788 1
keyframe: 8 -0.27416 -0.45014 0.84982 0 -0.9382 0.31927 -0.13355 0 -0.2112 -0.83392 -0.50986 0 -0.10713 0.46733 -0.0878 1
keyframe: 9 -0.32232 -0.69947 0.63783 0 -0.94512 0.27582 -0.17512 0 -0.05343 -0.65928 -0.74999 0 -0.09155 0.46679 -0.09868 1
keyframe: 10 -0.29495 -0.87451 0.38501 0 -0.95246 0.23693 -0.19148 0 0.07623 -0.42318 -0.90282 0 -0.08044 0.47078 -0.11078 1
keyframe: 11 -0.27209 -0.9459 0.17671 0 -0.94522 0.22831 -0.23327 0 0.1803 -0.2305 -0.95621 0 -0.06422 0.48981 -0.12691 1
keyframe: 12 -0.26299 -0.96366 0.04679 0 -0.93203 0.24123 -0.27038 0 0.24927 -0.11472 -0.96161 0 -0.0472 0.51359 -0.14019 1
keyframe: 13 -0.2688 -0.95993 -0.07919 0 -0.91149 0.28009 -0.3012 0 0.31131 -0.00878 -0.95026 0 -0.03008 0.53794 -0.14853 1
keyframe: 14 -0.2646 -0.93413 -0.23953 0 -0.88731 0.33311 -0.31891 0 0.3777 0.12815 -0.91701 0 -0.01644 0.55655 -0.15159 1
keyframe: 15 -0.23697 -0.88487 -0.40104 0 -0.8683 0.37807 -0.3211 0 0.43575 0.27213 -0.85793 0 -0.01107 0.56522 -0.15413 1
keyframe: 16 -0.20838 -0.83415 -0.51064 0 -0.85898 0.40575 -0.31226 0 0.46767 0.37356 -0.80107 0 -0.0133 0.56123 -0.15898 1
keyframe: 17 -0.21057 -0.81319 -0.54256 0 -0.85855 0.41924 -0.29514 0 0.46747 0.40367 -0.78645 0 -0.0219 0.5472 -0.16353 1
keyframe: 18 -0.24975 -0.83202 -0.49534 0 -0.86561 0.4211 -0.27088 0 0.43397 0.36112 -0.82538 0 -0.03346 0.52721 -0.16216 1
keyframe: 19 -0.30455 -0.87525 -0.37572 0 -0.87922 0.41005 -0.24253 0 0.36634 0.25648 -0.89442 0 -0.04586 0.5053 -0.1533 1
keyframe: 20 -0.36911 -0.91403 -0.16822 0 -0.89273 0.39902 -0.20927 0 0.2584 0.07293 -0.96327 0 -0.05921 0.48575 -0.13819 1

#Bone: R_hand 
globalBindposeInverse: 0 -1 0 0 0.99999 0 0 0 0 0 0.99999 0 -0.58262 -0.33352 -0.00115 1
keyframe: 0 -0.89273 0.39902 -0.20927 0 -0.36911 -0.91403 -0.16822 0 -0.2584 -0.07293 0.96327 0 -0.11747 0.34151 -0.16474 1
keyframe: 1 -0.8991 0.4036 -0.16942 0 -0.42298 -0.9007 0.09904 0 -0.11262 0.16071 0.98055 0 -0.13932 0.33389 -0.1056 1
keyframe: 2 -0.89672 0.42845 -0.11093 0 -0.43522 -0.80813 0.39686 0 0.08038 0.40415 0.91114 0 -0.15819 0.34788 -0.04351 1
keyframe: 3 -0.88793 0.45756 -0.04694 0 -0.36454 -0.63782 0.67844 0 0.28049 0.61953 0.73314 0 -0.16811 0.37792 0.01508 1
keyframe: 4 -0.88011 0.47475 0.00066 0 -0.22942 -0.42652 0.87489 0 0.41564 0.76985 0.48431 0 -0.16686 0.41345 0.05793 1
keyframe: 5 -0.88547 0.46444 0.01477 0 -0.11383 -0.24764 0.96213 0 0.45052 0.85026 0.27215 0 -0.15973 0.44058 0.07943 1
keyframe: 6 -0.90514 0.42494 -0.01179 0 -0.09464 -0.17439 0.98011 0 0.41443 0.88826 0.19807 0 -0.15418 0.44758 0.08295 1
keyframe: 7 -0.92589 0.37111 -0.0707 0 -0.17138 -0.24583 0.95403 0 0.33667 0.89545 0.29122 0 -0.1523 0.43174 0.07268 1
keyframe: 8 -0.9382 0.31927 -0.13355 0 -0.27416 -0.45014 0.84982 0 0.2112 0.83392 0.50986 0 -0.15039 0.39629 0.04631 1
keyframe: 9 -0.94512 0.27582 -0.17512 0 -0.32232 -0.69947 0.63783 0 0.05343 0.65928 0.74999 0 -0.14241 0.3564 0.00197 1
keyframe: 10 -0.95246 0.23693 -0.19148 0 -0.29495 -0.87451 0.38501 0 -0.07623 0.42318 0.90282 0 -0.12699 0.33277 -0.05002 1
keyframe: 11 -0.94522 0.22831 -0.23327 0 -0.27209 -0.9459 0.17671 0 -0.1803 0.2305 0.95621 0 -0.10716 0.34053 -0.09902 1
keyframe: 12 -0.93203 0.24123 -0.27038 0 -0.26299 -0.96366 0.04679 0 -0.24927 0.11472 0.96161 0 -0.08871 0.36151 -0.13281 1
keyframe: 13 -0.91149 0.28009 -0.3012 0 -0.2688 -0.95993 -0.07919 0 -0.31131 0.00878 0.95026 0 -0.0725 0.38645 -0.16103 1
keyframe: 14 -0.88731 0.33311 -0.31891 0 -0.2646 -0.93413 -0.23953 0 -0.3777 -0.12815 0.91701 0 -0.0582 0.40913 -0.18939 1
keyframe: 15 -0.8683 0.37807 -0.3211 0 -0.23697 -0.88487 -0.40104 0 -0.43575 -0.27213 0.85793 0 -0.04846 0.42557 -0.21742 1
keyframe: 16 -0.85898 0.40575 -0.31226 0 -0.20838 -0.83415 -0.51064 0 -0.46767 -0.37356 0.80107 0 -0.04618 0.42958 -0.23957 1
keyframe: 17 -0.85855 0.41924 -0.29514 0 -0.21057 -0.81319 -0.54256 0 -0.46747 -0.40367 0.78645 0 -0.05514 0.41887 -0.24916 1
keyframe: 18 -0.86561 0.4211 -0.27088 0 -0.24975 -0.83202 -0.49534 0 -0.43397 -0.36112 0.82538 0 -0.07287 0.3959 -0.24034 1
keyframe: 19 -0.87922 0.41005 -0.24253 0 -0.30455 -0.87525 -0.37572 0 -0.36634 -0.25648 0.89442 0 -0.09392 0.36717 -0.2126 1
keyframe: 20 -0.89273 0.39902 -0.20927 0 -0.36911 -0.91403 -0.16822 0 -0.2584 -0.07293 0.96327 0 -0.11747 0.34151 -0.16474 1

#Bone: R_leg 
globalBindposeInverse: 0.03624 0.99934 0 0 -0.99934 0.03624 0 0 0 0 1 0 0.37402 0.03564 -0.00115 1
keyframe: 0 -0.27196 -0.95631 0.10718 0 0.13861 0.07128 0.98777 0 -0.95226 0.2835 0.11317 0 0.00176 0.34802 -0.04904 1
keyframe: 1 -0.05997 -0.99284 0.10327 0 0.13464 0.09447 0.98638 0 -0.98907 0.07306 0.12801 0 0.00553 0.34992 -0.04925 1
keyframe: 2 0.35862 -0.93213 0.05007 0 0.11475 0.09726 0.98862 0 -0.9264 -0.34879 0.14185 0 0.00504 0.35252 -0.04677 1
keyframe: 3 0.47827 -0.87762 0.03221 0 0.10175 0.0918 0.99056 0 -0.87229 -0.47048 0.13321 0 0.00077 0.35549 -0.04299 1
keyframe: 4 0.56034 -0.82801 0.02033 0 0.09795 0.09063 0.99105 0 -0.82244 -0.55333 0.13189 0 -0.00471 0.35702 -0.0401 1
keyframe: 5 0.62708 -0.77836 0.03016 0 0.08467 0.10661 0.99068 0 -0.77433 -0.61869 0.13276 0 -0.00997 0.35728 -0.03894 1
keyframe: 6 0.61406 -0.78656 0.06514 0 0.05968 0.12857 0.9899 0 -0.78699 -0.60397 0.12589 0 -0.01428 0.35548 -0.03833 1
keyframe: 7 0.51419 -0.85334 0.08607 0 0.04796 0.12881 0.9905 0 -0.85632 -0.50518 0.10717 0 -0.01709 0.3528 -0.03675 1
keyframe: 8 0.36926 -0.926 0.07845 0 0.05478 0.10596 0.99285 0 -0.9277 -0.36232 0.08986 0 -0.01756 0.34919 -0.03334 1
keyframe: 9 0.18811 -0.9802 0.06176 0 0.08239 0.07841 0.9935 0 -0.97868 -0.1818 0.09551 0 -0.01505 0.34494 -0.02787 1
keyframe: 10 -0.03426 -0.99726 0.06554 0 0.13204 0.06048 0.98939 0 -0.99065 0.04255 0.12961 0 -0.01005 0.3412 -0.02302 1
keyframe: 11 -0.29364 -0.95039 0.10255 0 0.18226 0.04964 0.98199 0 -0.93837 0.30705 0.15863 0 -0.00466 0.34562 -0.02308 1
keyframe: 12 -0.5039 -0.85412 0.12864 0 0.20584 0.0259 0.97824 0 -0.83887 0.51941 0.16276 0 -0.00116 0.35182 -0.02511 1
keyframe: 13 -0.63654 -0.75843 0.13998 0 0.20912 0.00496 0.97787 0 -0.74234 0.65173 0.15544 0 0.00087 0.35821 -0.02881 1
keyframe: 14 -0.68807 -0.71297 0.13496 0 0.19845 -0.00599 0.98009 0 -0.69797 0.70116 0.14561 0 0.00108 0.36179 -0.03254 1
keyframe: 15 -0.67223 -0.73185 0.11172 0 0.16947 -0.00521 0.98552 0 -0.72067 0.68144 0.12753 0 -0.00172 0.36179 -0.03552 1
keyframe: 16 -0.61337 -0.78553 0.08189 0 0.13467 -0.00185 0.99088 0 -0.77822 0.61881 0.10693 0 -0.0061 0.35853 -0.03793 1
keyframe: 17 -0.53827 -0.84058 0.06069 0 0.1106 0.00093 0.99386 0 -0.83548 0.54168 0.09247 0 -0.01015 0.35466 -0.04011 1
keyframe: 18 -0.46735 -0.88153 0.06696 0 0.10891 0.01775 0.99389 0 -0.87733 0.47179 0.08771 0 -0.00994 0.35129 -0.04273 1
keyframe: 19 -0.40189 -0.91135 0.08895 0 0.12364 0.04224 0.99142 0 -0.9073 0.40944 0.0957 0 -0.00471 0.34876 -0.0463 1
keyframe: 20 -0.27196 -0.95631 0.10718 0 0.13861 0.07128 0.98777 0 -0.95227 0.2835 0.11317 0 0.00176 0.34802 -0.04904 1

#Bone: L_leg 
globalBindposeInverse: -0.04682 -0.9989 0 0 -0.9989 0.04682 0 0 0 0 -1 0 0.37178 0.03604 0.00115 1
keyframe: 0 -0.19736 -0.96224 0.18744 0 -0.19395 -0.1491 -0.96961 0 0.96095 -0.22772 -0.1572 0 0.01465 0.34615 0.05276 1
keyframe: 1 -0.42394 -0.88015 0.21352 0 -0.21345 -0.13201 -0.96799 0 0.88017 -0.45595 -0.13191 0 0.02045 0.34807 0.05227 1
keyframe: 2 -0.59578 -0.77788 0.19982 0 -0.21763 -0.08312 -0.97248 0 0.77309 -0.62287 -0.11976 0 0.02486 0.35339 0.05393 1
keyframe: 3 -0.68448 -0.71162 0.15834 0 -0.19907 -0.02649 -0.97962 0 0.70131 -0.70206 -0.12353 0 0.02626 0.36001 0.05632 1
keyframe: 4 -0.69951 -0.70667 0.10621 0 -0.17426 0.02454 -0.98439 0 0.69304 -0.70711 -0.14031 0 0.02447 0.36396 0.05805 1
keyframe: 5 -0.65607 -0.75231 0.05983 0 -0.16722 0.0676 -0.98359 0 0.73593 -0.65532 -0.17015 0 0.01998 0.36322 0.05904 1
keyframe: 6 -0.58464 -0.81077 0.02882 0 -0.18051 0.09536 -0.97893 0 0.79095 -0.57753 -0.20211 0 0.01431 0.35806 0.06019 1
keyframe: 7 -0.5142 -0.85756 0.01327 0 -0.20076 0.10529 -0.97396 0 0.83384 -0.50347 -0.22631 0 0.01028 0.35297 0.06215 1
keyframe: 8 -0.46539 -0.8851 0.00148 0 -0.213 0.11036 -0.97079 0 0.85909 -0.45211 -0.23989 0 0.01081 0.35013 0.06528 1
keyframe: 9 -0.3755 -0.92681 -0.00244 0 -0.22073 0.09198 -0.97098 0 0.90015 -0.36407 -0.23912 0 0.01656 0.34913 0.06967 1
keyframe: 10 -0.25018 -0.96803 -0.01794 0 -0.23001 0.07742 -0.9701 0 0.94047 -0.23858 -0.24203 0 0.02528 0.34898 0.07301 1
keyframe: 11 -0.00869 -0.99899 -0.04395 0 -0.26331 0.04468 -0.96367 0 0.96467 0.00319 -0.26343 0 0.02914 0.35354 0.0735 1
keyframe: 12 0.16442 -0.98506 -0.05116 0 -0.29632 0.00015 -0.95508 0 0.94082 0.1722 -0.29186 0 0.02928 0.35802 0.0727 1
keyframe: 13 0.36416 -0.9288 -0.06861 0 -0.31254 -0.05247 -0.94845 0 0.87732 0.36684 -0.3094 0 0.02613 0.36129 0.07061 1
keyframe: 14 0.50503 -0.86062 -0.06524 0 -0.29179 -0.09911 -0.95133 0 0.81227 0.49949 -0.30118 0 0.02077 0.36174 0.06818 1
keyframe: 15 0.56332 -0.82416 -0.05838 0 -0.25768 -0.10811 -0.96016 0 0.78502 0.55593 -0.27327 0 0.0139 0.36112 0.06591 1
keyframe: 16 0.50151 -0.86422 -0.03985 0 -0.22635 -0.08661 -0.97018 0 0.83501 0.49558 -0.23906 0 0.00842 0.35919 0.06366 1
keyframe: 17 0.38611 -0.92238 -0.01094 0 -0.20423 -0.07391 -0.97612 0 0.89955 0.37912 -0.21692 0 0.00504 0.35684 0.06137 1
keyframe: 18 0.23115 -0.97184 0.04557 0 -0.18899 -0.0908 -0.97777 0 0.95438 0.2174 -0.20466 0 0.00528 0.35315 0.05875 1
keyframe: 19 0.0327 -0.99183 0.12329 0 -0.18305 -0.12721 -0.97483 0 0.98255 0.0093 -0.18572 0 0.00907 0.3487 0.0554 1
keyframe: 20 -0.19736 -0.96224 0.18744 0 -0.19395 -0.1491 -0.96961 0 0.96095 -0.22772 -0.1572 0 0.01465 0.34615 0.05276 1

#Bone: R_leg2 
globalBindposeInverse: 0.05906 0.99825 0 0 -0.99823 0.05906 0.00671 0 0.0067 -0.00039 0.99997 0 0.19466 0.0312 -0.00115 1
keyframe: 0 0.46332 -0.88617 -0.00537 0 0.07416 0.03273 0.9967 0 -0.88308 -0.46219 0.08089 0 -0.04722 0.17577 -0.02974 1
keyframe: 1 0.51628 -0.85641 0.00184 0 0.0783 0.04934 0.9957 0 -0.85283 -0.51392 0.09253 0 -0.00527 0.17109 -0.03065 1
keyframe: 2 0.35826 -0.93248 0.04602 0 0.08272 0.0808 0.99329 0 -0.92994 -0.35205 0.10609 0 0.06963 0.18463 -0.03775 1
keyframe: 3 0.47881 -0.8772 0.03531 0 0.07399 0.0804 0.99401 0 -0.87479 -0.47333 0.1034 0 0.08692 0.19741 -0.03718 1
keyframe: 4 0.56007 -0.82833 0.01342 0 0.08165 0.07132 0.9941 0 -0.8244 -0.55567 0.10758 0 0.09621 0.20788 -0.03643 1
keyframe: 5 0.65039 -0.75941 -0.01652 0 0.06296 0.03222 0.99749 0 -0.75697 -0.64981 0.06877 0 0.10297 0.21708 -0.0335 1
keyframe: 6 0.81055 -0.5833 -0.05247 0 0.04835 -0.02263 0.99857 0 -0.58366 -0.81193 0.00985 0 0.09631 0.2138 -0.0266 1
keyframe: 7 0.94576 -0.31089 -0.09419 0 0.0841 -0.04573 0.9954 0 -0.31377 -0.94934 -0.0171 0 0.07551 0.1991 -0.02125 1
keyframe: 8 0.99177 -0.056 -0.11506 0 0.1121 -0.0534 0.99226 0 -0.06171 -0.997 -0.04668 0 0.04895 0.18239 -0.01921 1
keyframe: 9 0.98659 0.10809 -0.12226 0 0.13029 -0.07056 0.98896 0 0.09827 -0.99163 -0.0837 0 0.01882 0.16839 -0.01675 1
keyframe: 10 0.97688 0.15312 -0.14912 0 0.16538 -0.09954 0.98119 0 0.1354 -0.98317 -0.12257 0 -0.01623 0.16158 -0.01122 1
keyframe: 11 0.9819 -0.00548 -0.1893 0 0.1874 -0.116 0.9754 0 -0.02731 -0.99323 -0.11287 0 -0.05755 0.17444 -0.00461 1
keyframe: 12 0.93901 -0.28044 -0.19899 0 0.16647 -0.13562 0.97667 0 -0.30089 -0.95024 -0.08066 0 -0.09192 0.19798 -0.00194 1
keyframe: 13 0.77712 -0.60379 -0.17752 0 0.12034 -0.1343 0.9836 0 -0.61773 -0.78574 -0.03171 0 -0.11377 0.2216 -0.0036 1
keyframe: 14 0.49868 -0.85717 -0.12867 0 0.06832 -0.10911 0.99167 0 -0.86408 -0.50332 0.00414 0 -0.12285 0.23337 -0.00824 1
keyframe: 15 0.20393 -0.97662 -0.06798 0 0.04782 -0.05942 0.99708 0 -0.97781 -0.20658 0.03458 0 -0.1228 0.22997 -0.0154 1
keyframe: 16 0.0144 -0.99949 -0.0282 0 0.06447 -0.02721 0.99754 0 -0.99781 -0.01618 0.06405 0 -0.11658 0.21704 -0.02318 1
keyframe: 17 0.00217 -0.99992 -0.0117 0 0.0866 -0.01147 0.99617 0 -0.99624 -0.00318 0.08657 0 -0.10711 0.20325 -0.02917 1
keyframe: 18 0.12456 -0.9922 0.00396 0 0.06578 0.01224 0.99775 0 -0.99002 -0.12402 0.0668 0 -0.09412 0.19251 -0.03067 1
keyframe: 19 0.335 -0.94221 0.0009 0 0.06071 0.02254 0.9979 0 -0.94025 -0.33424 0.06475 0 -0.0771 0.18461 -0.03028 1
keyframe: 20 0.46332 -0.88617 -0.00537 0 0.07416 0.03273 0.9967 0 -0.88308 -0.46219 0.08089 0 -0.04722 0.17577 -0.02974 1

#Bone: L_leg2 
globalBindposeInverse: -0.03612 -0.99934 0 0 -0.99932 0.03612 -0.00671 0 0.0067 -0.00024 -0.99997 0 0.19212 0.0381 0.00115 1
keyframe: 0 0.97877 0.11876 -0.16699 0 -0.13201 -0.25785 -0.95712 0 -0.15673 0.95885 -0.2367 0 -0.02072 0.17365 0.08636 1
keyframe: 1 0.97962 -0.08817 -0.18042 0 -0.19556 -0.21483 -0.95687 0 0.04561 0.97266 -0.22769 0 -0.05554 0.19029 0.09055 1
keyframe: 2 0.90475 -0.39775 -0.15233 0 -0.21963 -0.12926 -0.96698 0 0.36493 0.90833 -0.20431 0 -0.08193 0.21394 0.08975 1
keyframe: 3 0.70621 -0.70024 -0.10443 0 -0.1958 -0.05142 -0.97929 0 0.68037 0.71204 -0.17342 0 -0.09644 0.23244 0.08471 1
keyframe: 4 0.41292 -0.90884 -0.05908 0 -0.16487 -0.01079 -0.98625 0 0.89571 0.41699 -0.1543 0 -0.10092 0.23728 0.07709 1
keyframe: 5 0.1146 -0.99301 -0.02821 0 -0.16976 0.0084 -0.98544 0 0.97879 0.11773 -0.16761 0 -0.09762 0.22836 0.06977 1
keyframe: 6 -0.05784 -0.99824 -0.01264 0 -0.19919 0.02395 -0.97966 0 0.97825 -0.05414 -0.20023 0 -0.09049 0.21272 0.06536 1
keyframe: 7 -0.04478 -0.99871 -0.0237 0 -0.21828 0.03294 -0.97532 0 0.97485 -0.0385 -0.21948 0 -0.08189 0.19924 0.06454 1
keyframe: 8 0.11737 -0.99085 -0.06649 0 -0.2231 0.03893 -0.97401 0 0.9677 0.12916 -0.21649 0 -0.07261 0.19146 0.06555 1
keyframe: 9 0.30106 -0.94967 -0.08646 0 -0.21462 0.02086 -0.97647 0 0.92913 0.31254 -0.19753 0 -0.05074 0.18299 0.06924 1
keyframe: 10 0.4241 -0.90098 -0.09138 0 -0.20919 0.0007 -0.97787 0 0.88111 0.43384 -0.18817 0 -0.01956 0.17545 0.0698 1
keyframe: 11 0.44423 -0.89323 -0.06919 0 -0.21513 -0.03138 -0.97607 0 0.86969 0.44849 -0.2061 0 0.02758 0.17446 0.06562 1
keyframe: 12 0.48532 -0.87329 -0.04256 0 -0.19334 -0.05971 -0.97931 0 0.85268 0.48351 -0.19783 0 0.05875 0.18144 0.06353 1
keyframe: 13 0.49965 -0.86617 0.00908 0 -0.16035 -0.10279 -0.98169 0 0.85125 0.48905 -0.19025 0 0.09141 0.19479 0.05831 1
keyframe: 14 0.56919 -0.82034 0.05522 0 -0.11729 -0.1475 -0.98208 0 0.81379 0.55251 -0.18018 0 0.11131 0.20746 0.05648 1
keyframe: 15 0.6935 -0.71732 0.06704 0 -0.09108 -0.17959 -0.97951 0 0.71467 0.67318 -0.18988 0 0.11489 0.21338 0.05544 1
keyframe: 16 0.8717 -0.48925 0.02743 0 -0.07937 -0.19623 -0.97733 0 0.48355 0.84977 -0.20989 0 0.09832 0.20426 0.05651 1
keyframe: 17 0.97906 -0.20352 -0.00188 0 -0.04672 -0.21573 -0.97533 0 0.19809 0.955 -0.22072 0 0.07425 0.19149 0.05941 1
keyframe: 18 0.99823 0.03664 -0.0468 0 -0.03722 -0.22835 -0.97286 0 -0.04633 0.97288 -0.22658 0 0.04672 0.17893 0.06692 1
keyframe: 19 0.98111 0.15773 -0.11191 0 -0.07 -0.24978 -0.96576 0 -0.18028 0.95536 -0.23402 0 0.01493 0.17089 0.0775 1
keyframe: 20 0.97877 0.11876 -0.16699 0 -0.13201 -0.25785 -0.95712 0 -0.15673 0.95885 -0.2367 0 -0.02072 0.17365 0.08636 1

#Bone: R_foot 
globalBindposeInverse: 0 -0.99999 0 0 0.99997 0 0.00671 0 -0.00671 0 0.99997 0 -0.03486 -0.03332 -0.00115 1
keyframe: 0 -0.46237 0.88651 0.0175 0 -0.07952 -0.02179 -0.99659 0 -0.88311 -0.46219 0.08057 0 0.02593 0.03585 -0.03058 1
keyframe: 1 -0.51528 0.85695 0.01028 0 -0.08431 -0.03875 -0.99568 0 -0.85286 -0.51392 0.09222 0 0.07624 0.03587 -0.03036 1
keyframe: 2 -0.35722 0.9334 -0.03392 0 -0.08678 -0.06933 -0.99381 0 -0.92997 -0.35207 0.10577 0 0.1262 0.0374 -0.03048 1
keyframe: 3 -0.47786 0.87812 -0.02321 0 -0.07954 -0.06957 -0.9944 0 -0.87482 -0.47334 0.10309 0 0.16252 0.05891 -0.03161 1
keyframe: 4 -0.55903 0.82914 -0.00132 0 -0.08821 -0.06106 -0.99422 0 -0.82443 -0.55569 0.10727 0 0.18464 0.07709 -0.03431 1
keyframe: 5 -0.64957 0.75975 0.02866 0 -0.07063 -0.02276 -0.99724 0 -0.757 -0.64981 0.06845 0 0.20567 0.09718 -0.03611 1
keyframe: 6 -0.80989 0.58299 0.06462 0 -0.05803 0.02999 -0.99786 0 -0.58368 -0.81192 0.00954 0 0.22429 0.1217 -0.03489 1
keyframe: 7 -0.94466 0.31032 0.10631 0 -0.09551 0.04981 -0.99418 0 -0.31381 -0.94932 -0.01741 0 0.22484 0.15001 -0.03612 1
keyframe: 8 -0.99033 0.05536 0.12713 0 -0.12414 0.05439 -0.99077 0 -0.06176 -0.99698 -0.04699 0 0.20554 0.17355 -0.03738 1
keyframe: 9 -0.98493 -0.10894 0.13429 0 -0.14232 0.06956 -0.98737 0 0.09822 -0.99161 -0.08401 0 0.17459 0.18545 -0.03605 1
keyframe: 10 -0.9748 -0.15432 0.16106 0 -0.17731 0.09798 -0.97926 0 0.13534 -0.98314 -0.12287 0 0.138 0.18575 -0.03476 1
keyframe: 11 -0.97954 0.00408 0.20116 0 -0.19933 0.11637 -0.97299 0 -0.02738 -0.99319 -0.11317 0 0.09747 0.17357 -0.0345 1
keyframe: 12 -0.93691 0.27878 0.21087 0 -0.17779 0.13932 -0.97415 0 -0.30095 -0.95019 -0.08096 0 0.05633 0.1537 -0.03336 1
keyframe: 13 -0.77559 0.60211 0.18948 0 -0.12959 0.14189 -0.98136 0 -0.61778 -0.78569 -0.03202 0 0.00892 0.12626 -0.03163 1
keyframe: 14 -0.49781 0.85578 0.14073 0 -0.07411 0.11969 -0.99004 0 -0.86411 -0.50328 0.00383 0 -0.04411 0.09803 -0.02855 1
keyframe: 15 -0.20332 0.97582 0.08012 0 -0.04999 0.07137 -0.99619 0 -0.97783 -0.20655 0.03427 0 -0.0906 0.07577 -0.02613 1
keyframe: 16 -0.01361 0.99909 0.04034 0 -0.06433 0.03939 -0.99715 0 -0.99783 -0.01616 0.06373 0 -0.11431 0.05923 -0.02764 1
keyframe: 17 -0.00111 0.99971 0.02383 0 -0.08631 0.02365 -0.99598 0 -0.99626 -0.00316 0.08625 0 -0.10676 0.04537 -0.03102 1
keyframe: 18 -0.12374 0.99228 0.00817 0 -0.06698 -0.00013 -0.99775 0 -0.99005 -0.12401 0.06648 0 -0.07445 0.03585 -0.03004 1
keyframe: 19 -0.33422 0.94242 0.01123 0 -0.06449 -0.01097 -0.99785 0 -0.94028 -0.33423 0.06444 0 -0.0242 0.03584 -0.03013 1
