#KeyframeAnimationInfo
Keyframe_Length: 18
BoneCount: 16
WeightVertexCount: 637

#Bone: hip 
globalBindposeInverse: 0 -1 0 0 0.99999 0 0 0 0 0 0.99999 0 -0.40047 0.00205 -0.00115 1
keyframe: 0 -0.0591 0.99791 0.02609 0 -0.99629 -0.05733 -0.06411 0 -0.06248 -0.02978 0.9976 0 0.00172 0.3697 -0.00189 1
keyframe: 1 -0.07796 0.99678 -0.01836 0 -0.99236 -0.07935 -0.09445 0 -0.0956 0.01085 0.99536 0 0.00031 0.36995 0.00239 1
keyframe: 2 -0.08632 0.99495 -0.05107 0 -0.99126 -0.0909 -0.09556 0 -0.09972 0.04237 0.99411 0 0.00082 0.37254 0.00793 1
keyframe: 3 -0.09835 0.99336 -0.05951 0 -0.99137 -0.10301 -0.08102 0 -0.08661 0.05102 0.99493 0 0.00237 0.37689 0.01257 1
keyframe: 4 -0.11631 0.99238 -0.0404 0 -0.98917 -0.11941 -0.08528 0 -0.08946 0.03005 0.99553 0 0.00413 0.38061 0.01498 1
keyframe: 5 -0.12603 0.99201 -0.00509 0 -0.98317 -0.12559 -0.13262 0 -0.1322 -0.0117 0.99115 0 0.0058 0.38179 0.01382 1
keyframe: 6 -0.11453 0.993 0.02859 0 -0.97387 -0.10655 -0.20054 0 -0.19609 -0.05081 0.97926 0 0.00749 0.38099 0.00968 1
keyframe: 7 -0.08923 0.99486 0.04767 0 -0.9677 -0.07526 -0.2406 0 -0.23577 -0.0676 0.96945 0 0.00926 0.37835 0.00468 1
keyframe: 8 -0.07058 0.99632 0.04842 0 -0.97011 -0.05726 -0.23578 0 -0.23214 -0.06362 0.97059 0 0.01069 0.3748 0.00156 1
keyframe: 9 -0.06677 0.99715 0.03508 0 -0.97539 -0.05783 -0.21273 0 -0.21009 -0.04842 0.97648 0 0.01146 0.37162 0.00181 1
keyframe: 10 -0.06917 0.99748 0.01563 0 -0.97652 -0.0645 -0.20553 0 -0.204 -0.02949 0.97852 0 0.01121 0.37081 0.0044 1
keyframe: 11 -0.06111 0.99812 0.00304 0 -0.9754 -0.05908 -0.21235 0 -0.21177 -0.01594 0.97718 0 0.01018 0.37295 0.00713 1
keyframe: 12 -0.04298 0.99902 0.00978 0 -0.97903 -0.04017 -0.1997 0 -0.19912 -0.01816 0.9798 0 0.00892 0.37569 0.00929 1
keyframe: 13 -0.03018 0.99889 0.03616 0 -0.98897 -0.02459 -0.14601 0 -0.14495 -0.04016 0.98862 0 0.00781 0.37629 0.01016 1
keyframe: 14 -0.03419 0.99729 0.06503 0 -0.99703 -0.02955 -0.07103 0 -0.06892 -0.06726 0.99535 0 0.00635 0.37458 0.00791 1
keyframe: 15 -0.04818 0.99598 0.07539 0 -0.99869 -0.04675 -0.02061 0 -0.017 -0.07629 0.99694 0 0.00477 0.37164 0.00365 1
keyframe: 16 -0.05847 0.99648 0.06001 0 -0.99814 -0.05733 -0.02052 0 -0.01701 -0.0611 0.99798 0 0.00316 0.36961 -0.00039 1
keyframe: 17 -0.0591 0.99791 0.02609 0 -0.99629 -0.05733 -0.06411 0 -0.06248 -0.02978 0.9976 0 0.00172 0.3697 -0.00189 1

#Bone: spine 
globalBindposeInverse: 0 -1 0 0 0.99999 0 0 0 0 0 0.99999 0 -0.46025 0.00205 -0.00115 1
keyframe: 0 -0.05002 0.99441 0.09287 0 -0.99771 -0.04552 -0.04993 0 -0.04543 -0.09516 0.99442 0 -0.0018 0.42935 -0.00033 1
keyframe: 1 -0.06012 0.99669 0.05469 0 -0.99398 -0.05475 -0.09486 0 -0.09155 -0.06006 0.99398 0 -0.00434 0.42954 0.00129 1
keyframe: 2 -0.06965 0.99737 0.01962 0 -0.98951 -0.06657 -0.12818 0 -0.12654 -0.02834 0.99155 0 -0.00433 0.43201 0.00487 1
keyframe: 3 -0.0835 0.9965 0.00323 0 -0.98483 -0.08203 -0.15289 0 -0.15209 -0.01595 0.98823 0 -0.0035 0.43627 0.00902 1
keyframe: 4 -0.10132 0.99476 0.01306 0 -0.97844 -0.09726 -0.18214 0 -0.17992 -0.03123 0.98318 0 -0.00281 0.43993 0.01256 1
keyframe: 5 -0.11282 0.99272 0.04205 0 -0.96922 -0.10063 -0.22468 0 -0.21881 -0.0661 0.97352 0 -0.00173 0.44109 0.01352 1
keyframe: 6 -0.10996 0.99122 0.07341 0 -0.95997 -0.08677 -0.26629 0 -0.25759 -0.09976 0.96109 0 0.00064 0.44035 0.01139 1
keyframe: 7 -0.09734 0.99093 0.09256 0 -0.95722 -0.06775 -0.28129 0 -0.27247 -0.11598 0.95514 0 0.00393 0.43782 0.00753 1
keyframe: 8 -0.08565 0.99168 0.096 0 -0.96364 -0.05798 -0.2608 0 -0.25306 -0.11485 0.9606 0 0.00647 0.43436 0.00446 1
keyframe: 9 -0.08024 0.99298 0.08688 0 -0.97366 -0.05942 -0.22011 0 -0.21341 -0.10226 0.97159 0 0.00747 0.43123 0.00391 1
keyframe: 10 -0.07703 0.99442 0.072 0 -0.98176 -0.06307 -0.17932 0 -0.17377 -0.0845 0.98115 0 0.00708 0.43043 0.00534 1
keyframe: 11 -0.06869 0.99571 0.06187 0 -0.98813 -0.05936 -0.14163 0 -0.13735 -0.07087 0.98798 0 0.00653 0.43261 0.00731 1
keyframe: 12 -0.05455 0.99634 0.06569 0 -0.99431 -0.04817 -0.09496 0 -0.09144 -0.0705 0.99331 0 0.00635 0.43541 0.00988 1
keyframe: 13 -0.0433 0.99546 0.08472 0 -0.9986 -0.04055 -0.03394 0 -0.03035 -0.08607 0.99582 0 0.00601 0.436 0.01232 1
keyframe: 14 -0.04236 0.99326 0.10782 0 -0.99874 -0.045 0.02219 0 0.02689 -0.10674 0.99392 0 0.0043 0.43419 0.01179 1
keyframe: 15 -0.04769 0.99168 0.11952 0 -0.99768 -0.0531 0.04249 0 0.04848 -0.11722 0.99192 0 0.00189 0.43118 0.00816 1
keyframe: 16 -0.05114 0.9922 0.11364 0 -0.99847 -0.05315 0.01465 0 0.02058 -0.11272 0.99341 0 -0.00033 0.42917 0.00319 1
keyframe: 17 -0.05002 0.99441 0.09287 0 -0.99771 -0.04552 -0.04993 0 -0.04543 -0.09516 0.99442 0 -0.0018 0.42935 -0.00033 1

#Bone: upper 
globalBindposeInverse: 0 -1 0 0 0.99999 0 0 0 0 0 0.99999 0 -0.58494 0.00205 -0.00115 1
keyframe: 0 -0.04364 0.97363 0.22388 0 -0.99899 -0.04017 -0.02003 0 -0.01051 -0.22453 0.9744 0 -0.00804 0.55335 0.01124 1
keyframe: 1 -0.03739 0.97943 0.19825 0 -0.99506 -0.01823 -0.09757 0 -0.09195 -0.20092 0.97528 0 -0.01184 0.55382 0.00811 1
keyframe: 2 -0.04905 0.98576 0.16084 0 -0.98049 -0.01683 -0.19582 0 -0.19032 -0.1673 0.96735 0 -0.01302 0.55638 0.00732 1
keyframe: 3 -0.06732 0.98913 0.13068 0 -0.95561 -0.02627 -0.29343 0 -0.28681 -0.14463 0.947 0 -0.01391 0.56053 0.00942 1
keyframe: 4 -0.08167 0.98892 0.12394 0 -0.93066 -0.03117 -0.36453 0 -0.35663 -0.14512 0.9229 0 -0.01544 0.56398 0.01419 1
keyframe: 5 -0.08937 0.98592 0.14127 0 -0.91818 -0.0266 -0.39525 0 -0.38593 -0.16504 0.90764 0 -0.01579 0.56488 0.01876 1
keyframe: 6 -0.09419 0.98134 0.16758 0 -0.92056 -0.02175 -0.38998 0 -0.37906 -0.191 0.90544 0 -0.01306 0.56395 0.02055 1
keyframe: 7 -0.09715 0.97752 0.18711 0 -0.9326 -0.02375 -0.36011 0 -0.34757 -0.20949 0.91394 0 -0.0082 0.56138 0.01907 1
keyframe: 8 -0.09414 0.97606 0.19604 0 -0.95095 -0.02988 -0.30787 0 -0.29464 -0.21541 0.93101 0 -0.0042 0.55802 0.01643 1
keyframe: 9 -0.08235 0.9773 0.19517 0 -0.97338 -0.03684 -0.22619 0 -0.21386 -0.2086 0.95432 0 -0.00253 0.55505 0.01474 1
keyframe: 10 -0.06647 0.97991 0.188 0 -0.99245 -0.04546 -0.1139 0 -0.10306 -0.19415 0.97554 0 -0.00252 0.55443 0.01431 1
keyframe: 11 -0.05481 0.98189 0.18132 0 -0.99825 -0.05788 0.01167 0 0.02196 -0.18036 0.98335 0 -0.00203 0.55677 0.01503 1
keyframe: 12 -0.04968 0.98253 0.17933 0 -0.99005 -0.07211 0.12082 0 0.13164 -0.17155 0.97633 0 -0.00044 0.55965 0.01807 1
keyframe: 13 -0.04787 0.98176 0.18395 0 -0.9784 -0.08316 0.18921 0 0.20106 -0.17091 0.96455 0 0.00061 0.56013 0.02288 1
keyframe: 14 -0.04637 0.97987 0.19413 0 -0.9748 -0.08684 0.20548 0 0.2182 -0.17971 0.95921 0 -0.00097 0.55804 0.02524 1
keyframe: 15 -0.04311 0.9774 0.20695 0 -0.98243 -0.07912 0.16901 0 0.18157 -0.19603 0.96364 0 -0.00405 0.55484 0.02306 1
keyframe: 16 -0.0403 0.97482 0.21929 0 -0.99415 -0.06111 0.08897 0 0.10013 -0.21442 0.97159 0 -0.00671 0.5529 0.01736 1
keyframe: 17 -0.04364 0.97363 0.22388 0 -0.99899 -0.04017 -0.02003 0 -0.01051 -0.22453 0.9744 0 -0.00804 0.55335 0.01124 1

#Bone: head 
globalBindposeInverse: 0 -1 0 0 0.99999 0 0 0 0 0 0.99999 0 -0.63789 0.00205 -0.00115 1
keyframe: 0 -0.0316 0.98886 0.14543 0 -0.99947 -0.03238 0.00299 0 0.00767 -0.14526 0.98936 0 -0.01035 0.6049 0.0231 1
keyframe: 1 -0.0204 0.99151 0.12837 0 -0.99765 -0.01179 -0.06749 0 -0.0654 -0.12945 0.98942 0 -0.01382 0.60568 0.01861 1
keyframe: 2 -0.02624 0.99407 0.10549 0 -0.9875 -0.00937 -0.15729 0 -0.15537 -0.1083 0.9819 0 -0.01561 0.60857 0.01584 1
keyframe: 3 -0.03934 0.99513 0.09037 0 -0.96894 -0.01589 -0.24677 0 -0.24413 -0.09727 0.96485 0 -0.01748 0.6129 0.01634 1
keyframe: 4 -0.04868 0.9945 0.09272 0 -0.94999 -0.01744 -0.31178 0 -0.30845 -0.10326 0.94561 0 -0.01977 0.61634 0.02075 1
keyframe: 5 -0.05135 0.99258 0.11014 0 -0.94059 -0.011 -0.33935 0 -0.33562 -0.12102 0.93418 0 -0.02053 0.61708 0.02624 1
keyframe: 6 -0.05439 0.9902 0.12862 0 -0.9423 -0.00829 -0.33466 0 -0.33031 -0.1394 0.93351 0 -0.01805 0.61591 0.02942 1
keyframe: 7 -0.06253 0.98876 0.13575 0 -0.95067 -0.0176 -0.30969 0 -0.30382 -0.14842 0.94109 0 -0.01335 0.61314 0.02898 1
keyframe: 8 -0.0707 0.98873 0.13188 0 -0.96348 -0.03346 -0.26567 0 -0.25826 -0.14585 0.95499 0 -0.00918 0.6097 0.02681 1
keyframe: 9 -0.07177 0.98991 0.12215 0 -0.97991 -0.04713 -0.19378 0 -0.18607 -0.1336 0.9734 0 -0.00689 0.6068 0.02507 1
keyframe: 10 -0.06734 0.99132 0.11284 0 -0.99409 -0.05702 -0.09229 0 -0.08506 -0.11839 0.98931 0 -0.00604 0.60632 0.02427 1
keyframe: 11 -0.06565 0.99176 0.10992 0 -0.99742 -0.06839 0.0214 0 0.02874 -0.10823 0.9937 0 -0.00493 0.60876 0.02463 1
keyframe: 12 -0.06989 0.99107 0.11348 0 -0.98938 -0.0834 0.119 0 0.1274 -0.10396 0.98638 0 -0.00307 0.61167 0.02756 1
keyframe: 13 -0.07504 0.98994 0.11989 0 -0.97902 -0.09598 0.17972 0 0.18942 -0.10389 0.97638 0 -0.00192 0.61211 0.03262 1
keyframe: 14 -0.07322 0.98947 0.1248 0 -0.97584 -0.0969 0.19578 0 0.20582 -0.10744 0.97267 0 -0.00342 0.60993 0.03552 1
keyframe: 15 -0.0598 0.98986 0.12878 0 -0.9826 -0.0811 0.16704 0 0.17579 -0.11655 0.9775 0 -0.00633 0.60659 0.03402 1
keyframe: 16 -0.04131 0.98975 0.13663 0 -0.99352 -0.05518 0.09934 0 0.10586 -0.13164 0.98562 0 -0.00884 0.60451 0.02897 1
keyframe: 17 -0.0316 0.98886 0.14543 0 -0.99947 -0.03238 0.00299 0 0.00767 -0.14526 0.98936 0 -0.01035 0.6049 0.0231 1

#Bone: L_arm 
globalBindposeInverse: 0.99983 0.01801 0 0 -0.01801 0.99983 0 0 0 0 1 0 -0.0589 -0.58577 -0.00115 1
keyframe: 0 0.60719 -0.75103 -0.25935 0 0.71917 0.38071 0.58123 0 -0.33778 -0.53944 0.77129 0 0.05929 0.55573 0.01252 1
keyframe: 1 0.59323 -0.80138 0.07645 0 0.62647 0.51921 0.58132 0 -0.50556 -0.29696 0.81007 0 0.05523 0.55473 0.01462 1
keyframe: 2 0.55179 -0.7411 0.38248 0 0.53787 0.66673 0.51589 0 -0.63734 -0.07893 0.76652 0 0.05307 0.55719 0.02046 1
keyframe: 3 0.52565 -0.59369 0.60926 0 0.4709 0.79953 0.37282 0 -0.70847 0.09092 0.69985 0 0.05051 0.56197 0.02915 1
keyframe: 4 0.5371 -0.44826 0.71454 0 0.44451 0.87035 0.21187 0 -0.71688 0.20382 0.66673 0 0.0473 0.56575 0.03872 1
keyframe: 5 0.57559 -0.41531 0.70441 0 0.46086 0.87634 0.14009 0 -0.67549 0.244 0.69582 0 0.04611 0.56635 0.04535 1
keyframe: 6 0.61603 -0.51992 0.59176 0 0.50591 0.83695 0.20868 0 -0.60377 0.17082 0.77863 0 0.049 0.56509 0.04677 1
keyframe: 7 0.64103 -0.67347 0.3681 0 0.56135 0.73847 0.37353 0 -0.5234 -0.0328 0.85145 0 0.05467 0.56266 0.04328 1
keyframe: 8 0.64201 -0.76351 0.06975 0 0.62503 0.57391 0.5291 0 -0.44401 -0.29609 0.84568 0 0.05992 0.55971 0.03711 1
keyframe: 9 0.61854 -0.75295 -0.22465 0 0.69563 0.39179 0.60215 0 -0.36537 -0.52873 0.76612 0 0.06309 0.55721 0.02992 1
keyframe: 10 0.57628 -0.65582 -0.48764 0 0.76864 0.23223 0.59602 0 -0.27763 -0.7183 0.63792 0 0.06438 0.55717 0.02193 1
keyframe: 11 0.50836 -0.49673 -0.70343 0 0.8435 0.12275 0.5229 0 -0.17339 -0.85917 0.4814 0 0.06526 0.56035 0.01418 1
keyframe: 12 0.43392 -0.32944 -0.83855 0 0.89968 0.10923 0.42264 0 -0.04763 -0.93783 0.34379 0 0.06629 0.56418 0.00987 1
keyframe: 13 0.38747 -0.22708 -0.89347 0 0.91889 0.17307 0.3545 0 0.07412 -0.95837 0.27573 0 0.06656 0.56541 0.01007 1
keyframe: 14 0.40293 -0.2442 -0.88204 0 0.9052 0.24855 0.34469 0 0.13506 -0.93732 0.3212 0 0.06473 0.56357 0.01133 1
keyframe: 15 0.48835 -0.38047 -0.78533 0 0.86823 0.30219 0.3935 0 0.0876 -0.87402 0.47791 0 0.06217 0.55985 0.01161 1
keyframe: 16 0.58521 -0.5759 -0.57084 0 0.80651 0.34039 0.48339 0 -0.08407 -0.74328 0.66367 0 0.0603 0.55669 0.01129 1
keyframe: 17 0.60719 -0.75103 -0.25935 0 0.71917 0.38071 0.58123 0 -0.33778 -0.53944 0.77129 0 0.05929 0.55573 0.01252 1

#Bone: L_arm2 
globalBindposeInverse: 0.99968 -0.02514 0 0 0.02514 0.99968 0 0 0 0 1 0 -0.19422 -0.57792 -0.00115 1
keyframe: 0 -0.22377 -0.62175 0.75056 0 0.76451 0.36566 0.53084 0 -0.60451 0.69261 0.39351 0 0.1262 0.47298 -0.01605 1
keyframe: 1 -0.39491 -0.38376 0.83472 0 0.67902 0.49008 0.54657 0 -0.61883 0.78265 0.06704 0 0.1206 0.46642 0.02305 1
keyframe: 2 -0.56126 -0.11954 0.81895 0 0.59579 0.62846 0.50005 0 -0.57447 0.76859 -0.2815 0 0.11387 0.47553 0.06261 1
keyframe: 3 -0.68601 0.12712 0.71639 0 0.53297 0.75807 0.37585 0 -0.4953 0.63966 -0.5878 0 0.10843 0.49656 0.09629 1
keyframe: 4 -0.74746 0.29613 0.59464 0 0.50988 0.82952 0.22781 0 -0.4258 0.47348 -0.77103 0 0.10648 0.51636 0.11745 1
keyframe: 5 -0.74022 0.3615 0.5669 0 0.52808 0.83447 0.1574 0 -0.41616 0.41588 -0.8086 0 0.10953 0.52058 0.12297 1
keyframe: 6 -0.65919 0.28921 0.69412 0 0.57197 0.79209 0.21315 0 -0.48816 0.53753 -0.68756 0 0.11688 0.5078 0.11198 1
keyframe: 7 -0.50095 0.00536 0.86545 0 0.62173 0.69787 0.35555 0 -0.60206 0.7162 -0.35294 0 0.12531 0.48845 0.08384 1
keyframe: 8 -0.30091 -0.40466 0.86353 0 0.67598 0.5482 0.49245 0 -0.67267 0.73193 0.10858 0 0.13066 0.47558 0.0448 1
keyframe: 9 -0.14132 -0.7185 0.68101 0 0.73743 0.38254 0.55663 0 -0.66046 0.58087 0.47578 0 0.13125 0.47424 0.00516 1
keyframe: 10 -0.05601 -0.88326 0.46552 0 0.80389 0.23661 0.54567 0 -0.59212 0.4048 0.69679 0 0.12788 0.48491 -0.0318 1
keyframe: 11 -0.01182 -0.95223 0.30513 0 0.87287 0.13903 0.46771 0 -0.48779 0.27187 0.82953 0 0.12127 0.50561 -0.06332 1
keyframe: 12 0.05037 -0.97093 0.23396 0 0.92204 0.13523 0.36268 0 -0.38378 0.19745 0.90206 0 0.11411 0.52788 -0.08252 1
keyframe: 13 0.13356 -0.96052 0.24401 0 0.9349 0.2038 0.29053 0 -0.32879 0.18932 0.92522 0 0.10926 0.54039 -0.08837 1
keyframe: 14 0.18011 -0.92772 0.32694 0 0.92012 0.2764 0.27742 0 -0.34774 0.25086 0.9034 0 0.10913 0.53666 -0.08586 1
keyframe: 15 0.1405 -0.8709 0.47093 0 0.88996 0.31951 0.32537 0 -0.43384 0.3734 0.81996 0 0.11598 0.51792 -0.07492 1
keyframe: 16 -0.00113 -0.77441 0.63267 0 0.84031 0.34223 0.42041 0 -0.54209 0.53212 0.65036 0 0.12478 0.49324 -0.0516 1
keyframe: 17 -0.22377 -0.62175 0.75056 0 0.76451 0.36566 0.53084 0 -0.60451 0.69261 0.39351 0 0.1262 0.47298 -0.01605 1

#Bone: L_hand 
globalBindposeInverse: 0 -1 0 0 0.99999 0 0 0 0 0 0.99999 0 -0.58659 0.33744 -0.00115 1
keyframe: 0 0.75865 0.34991 0.54955 0 0.24292 0.63075 -0.73697 0 -0.60451 0.69261 0.39351 0 0.09087 0.37483 0.10242 1
keyframe: 1 0.66887 0.48027 0.56739 0 0.41187 0.39596 -0.82071 0 -0.61883 0.78265 0.06704 0 0.05825 0.40584 0.15482 1
keyframe: 2 0.58148 0.62526 0.52049 0 0.57606 0.13531 -0.80612 0 -0.57447 0.76859 -0.2815 0 0.02527 0.45665 0.19189 1
keyframe: 3 0.51555 0.76102 0.39375 0 0.6992 -0.10801 -0.70671 0 -0.4953 0.63966 -0.5878 0 0.00013 0.51662 0.20938 1
keyframe: 4 0.49092 0.83671 0.24269 0 0.76004 -0.27518 -0.58872 0 -0.4258 0.47348 -0.77103 0 -0.01151 0.5631 0.21132 1
keyframe: 5 0.5093 0.8433 0.1716 0 0.75326 -0.3404 -0.56276 0 -0.41616 0.41588 -0.8086 0 -0.00731 0.57765 0.21247 1
keyframe: 6 0.55521 0.79911 0.23054 0 0.67337 -0.2692 -0.68854 0 -0.48816 0.53753 -0.68756 0 0.01282 0.55346 0.22155 1
keyframe: 7 0.60893 0.69778 0.3772 0 0.51643 0.01218 -0.85623 0 -0.60206 0.7162 -0.35294 0 0.04623 0.4893 0.22046 1
keyframe: 8 0.6682 0.53785 0.51401 0 0.31782 0.41831 -0.85087 0 -0.67267 0.73193 0.10858 0 0.08316 0.4117 0.18112 1
keyframe: 9 0.73365 0.36435 0.57358 0 0.15982 0.72789 -0.6668 0 -0.66046 0.58087 0.47578 0 0.10894 0.36082 0.11267 1
keyframe: 10 0.80223 0.21432 0.55721 0 0.07621 0.88893 -0.45165 0 -0.59212 0.4048 0.69679 0 0.11904 0.34548 0.04168 1
keyframe: 11 0.8723 0.11504 0.47523 0 0.03377 0.95542 -0.29328 0 -0.48779 0.27187 0.82953 0 0.11941 0.35529 -0.01515 1
keyframe: 12 0.92302 0.11077 0.36845 0 -0.02716 0.97403 -0.22477 0 -0.38378 0.19745 0.90206 0 0.12206 0.37461 -0.04559 1
keyframe: 13 0.93797 0.17958 0.29657 0 -0.11 0.96535 -0.23663 0 -0.32879 0.18932 0.92522 0 0.13034 0.38876 -0.04985 1
keyframe: 14 0.92436 0.25298 0.28555 0 -0.15691 0.93437 -0.31986 0 -0.34774 0.25086 0.9034 0 0.13757 0.39021 -0.03425 1
keyframe: 15 0.89321 0.29751 0.33711 0 -0.11807 0.87866 -0.4626 0 -0.43384 0.3734 0.81996 0 0.13816 0.38044 -0.00058 1
keyframe: 16 0.84002 0.32264 0.43618 0 0.02226 0.78277 -0.6219 0 -0.54209 0.53212 0.65036 0 0.1246 0.37099 0.04826 1
keyframe: 17 0.75865 0.34991 0.54955 0 0.24292 0.63075 -0.73697 0 -0.60451 0.69261 0.39351 0 0.09087 0.37483 0.10242 1

#Bone: R_arm 
globalBindposeInverse: -0.99995 -0.00925 0 0 -0.00925 0.99995 0 0 0 0 -1 0 -0.0631 -0.58423 0.00115 1
keyframe: 0 -0.45214 -0.87163 -0.18923 0 -0.84245 0.34764 0.41159 0 -0.29297 0.34552 -0.8915 0 -0.07849 0.54923 0.00953 1
keyframe: 1 -0.49082 -0.76252 -0.42148 0 -0.86254 0.35703 0.35851 0 -0.12289 0.53952 -0.83295 0 -0.08201 0.55124 0.00096 1
keyframe: 2 -0.49426 -0.59217 -0.63642 0 -0.86896 0.35718 0.3425 0 0.02449 0.72231 -0.69112 0 -0.08215 0.55389 -0.0067 1
keyframe: 3 -0.45263 -0.38417 -0.80469 0 -0.88207 0.32512 0.34094 0 0.13063 0.86412 -0.48603 0 -0.08126 0.55737 -0.01145 1
keyframe: 4 -0.39794 -0.21189 -0.8926 0 -0.8988 0.285 0.33304 0 0.18382 0.93481 -0.30387 0 -0.08102 0.56047 -0.01169 1
keyframe: 5 -0.37302 -0.15246 -0.9152 0 -0.90917 0.25684 0.32777 0 0.18508 0.95435 -0.23442 0 -0.08048 0.5617 -0.00931 1
keyframe: 6 -0.39667 -0.23132 -0.88833 0 -0.907 0.24781 0.34048 0 0.14137 0.94078 -0.30811 0 -0.07791 0.56112 -0.00719 1
keyframe: 7 -0.45146 -0.4173 -0.78868 0 -0.89009 0.27249 0.36533 0 0.06245 0.86694 -0.49446 0 -0.07389 0.55841 -0.00658 1
keyframe: 8 -0.50002 -0.63496 -0.58889 0 -0.86509 0.33494 0.37338 0 -0.03983 0.69614 -0.71679 0 -0.07119 0.55462 -0.00555 1
keyframe: 9 -0.51136 -0.80041 -0.31281 0 -0.84491 0.40179 0.3531 0 -0.15694 0.44486 -0.88173 0 -0.07111 0.55116 -0.00147 1
keyframe: 10 -0.49226 -0.87014 -0.0228 0 -0.82229 0.45628 0.34006 0 -0.28549 0.18614 -0.94012 0 -0.07247 0.54993 0.00603 1
keyframe: 11 -0.45945 -0.84826 0.26334 0 -0.77712 0.52748 0.34325 0 -0.43008 -0.04694 -0.90156 0 -0.07241 0.55139 0.01562 1
keyframe: 12 -0.39575 -0.76225 0.51219 0 -0.72098 0.60334 0.34082 0 -0.56881 -0.2344 -0.78835 0 -0.07025 0.55326 0.02636 1
keyframe: 13 -0.33304 -0.70047 0.63119 0 -0.67274 0.64557 0.36146 0 -0.66067 -0.30424 -0.68624 0 -0.06837 0.55296 0.03599 1
keyframe: 14 -0.3244 -0.74758 0.57955 0 -0.6446 0.62311 0.44295 0 -0.69227 -0.22988 -0.68403 0 -0.0697 0.55062 0.03948 1
keyframe: 15 -0.36856 -0.85102 0.37404 0 -0.66725 0.52234 0.53096 0 -0.64724 -0.05388 -0.76037 0 -0.07333 0.54796 0.03472 1
keyframe: 16 -0.41918 -0.90314 0.09282 0 -0.75121 0.40244 0.52317 0 -0.50985 0.14956 -0.84715 0 -0.07682 0.5473 0.02335 1
keyframe: 17 -0.45214 -0.87163 -0.18923 0 -0.84245 0.34764 0.41159 0 -0.29297 0.34552 -0.8915 0 -0.07849 0.54923 0.00953 1

#Bone: R_arm2 
globalBindposeInverse: -1 0 0 0 0 0.99999 0 0 0 0 -0.99999 0 -0.17571 -0.58262 0.00115 1
keyframe: 0 0.23856 -0.36268 0.90085 0 -0.87945 0.31275 0.3588 0 -0.41188 -0.87786 -0.24434 0 -0.12696 0.45578 -0.01074 1
keyframe: 1 0.02764 -0.61467 0.78829 0 -0.89192 0.34088 0.29708 0 -0.45133 -0.71131 -0.53882 0 -0.13463 0.46949 -0.04421 1
keyframe: 2 -0.08807 -0.73685 0.67028 0 -0.89337 0.35606 0.27403 0 -0.44058 -0.57468 -0.68965 0 -0.13514 0.4904 -0.07493 1
keyframe: 3 -0.12937 -0.8035 0.58107 0 -0.90264 0.338 0.26642 0 -0.41047 -0.49003 -0.769 0 -0.12979 0.51618 -0.09772 1
keyframe: 4 -0.13472 -0.83777 0.52912 0 -0.91636 0.3085 0.25514 0 -0.37699 -0.4505 -0.80927 0 -0.12368 0.53775 -0.10738 1
keyframe: 5 -0.11757 -0.84336 0.52432 0 -0.9262 0.28357 0.24844 0 -0.35821 -0.45642 -0.81447 0 -0.12047 0.54535 -0.10742 1
keyframe: 6 -0.07271 -0.81244 0.57848 0 -0.92739 0.26848 0.26048 0 -0.36694 -0.51754 -0.77298 0 -0.12043 0.53632 -0.10242 1
keyframe: 7 -0.0042 -0.72395 0.68983 0 -0.91664 0.2785 0.2867 0 -0.39968 -0.63112 -0.66477 0 -0.12229 0.51368 -0.09113 1
keyframe: 8 0.08094 -0.55157 0.83018 0 -0.89817 0.32073 0.30067 0 -0.43211 -0.76999 -0.46945 0 -0.12479 0.48655 -0.06868 1
keyframe: 9 0.18762 -0.29494 0.93691 0 -0.88337 0.36639 0.29224 0 -0.42947 -0.88247 -0.19179 0 -0.12593 0.46535 -0.03501 1
keyframe: 10 0.32303 -0.00224 0.94638 0 -0.86567 0.4034 0.29643 0 -0.38244 -0.91501 0.12836 0 -0.12524 0.45665 0.00358 1
keyframe: 11 0.48619 0.29296 0.82328 0 -0.82572 0.46237 0.32309 0 -0.286 -0.83688 0.4667 0 -0.12166 0.46045 0.04385 1
keyframe: 12 0.62584 0.53644 0.56616 0 -0.77147 0.53245 0.34829 0 -0.11461 -0.65476 0.74709 0 -0.11267 0.47154 0.08127 1
keyframe: 13 0.69004 0.64182 0.3345 0 -0.72154 0.57385 0.38738 0 0.05667 -0.50867 0.85909 0 -0.10408 0.47787 0.10366 1
keyframe: 14 0.71326 0.61413 0.33778 0 -0.69367 0.54948 0.46571 0 0.10039 -0.56648 0.81793 0 -0.10448 0.47048 0.10162 1
keyframe: 15 0.69422 0.42566 0.58039 0 -0.71885 0.45053 0.5294 0 -0.03613 -0.78474 0.61876 0 -0.11284 0.45673 0.07482 1
keyframe: 16 0.5397 0.05507 0.84004 0 -0.79981 0.34492 0.49124 0 -0.26269 -0.93701 0.23021 0 -0.12176 0.45047 0.0333 1
keyframe: 17 0.23856 -0.36268 0.90086 0 -0.87945 0.31276 0.35881 0 -0.41188 -0.87786 -0.24434 0 -0.12696 0.45578 -0.01074 1

#Bone: R_hand 
globalBindposeInverse: 0 -1 0 0 0.99999 0 0 0 0 0 0.99999 0 -0.58262 -0.33352 -0.00115 1
keyframe: 0 -0.87945 0.31275 0.3588 0 0.23856 -0.36268 0.90086 0 0.41188 0.87786 0.24434 0 -0.08931 0.39855 0.13141 1
keyframe: 1 -0.89192 0.34088 0.29708 0 0.02764 -0.61467 0.78829 0 0.45133 0.71131 0.53882 0 -0.13027 0.37249 0.08018 1
keyframe: 2 -0.89337 0.35606 0.27403 0 -0.08807 -0.73685 0.67028 0 0.44058 0.57468 0.68965 0 -0.14904 0.37412 0.03084 1
keyframe: 3 -0.90264 0.338 0.26642 0 -0.12937 -0.8035 0.58107 0 0.41047 0.49003 0.769 0 -0.15021 0.38938 -0.00602 1
keyframe: 4 -0.91636 0.3085 0.25514 0 -0.13472 -0.83777 0.52912 0 0.37699 0.4505 0.80927 0 -0.14494 0.40554 -0.02388 1
keyframe: 5 -0.9262 0.28357 0.24844 0 -0.11757 -0.84336 0.52432 0 0.35821 0.45642 0.81447 0 -0.13902 0.41226 -0.02468 1
keyframe: 6 -0.92739 0.26848 0.26048 0 -0.07271 -0.81244 0.57848 0 0.36694 0.51754 0.77298 0 -0.13191 0.4081 -0.01113 1
keyframe: 7 -0.91664 0.2785 0.2867 0 -0.0042 -0.72395 0.68983 0 0.39968 0.63112 0.66477 0 -0.12295 0.39943 0.01773 1
keyframe: 8 -0.89817 0.32073 0.30067 0 0.08094 -0.55157 0.83018 0 0.43211 0.76999 0.46945 0 -0.11202 0.3995 0.06233 1
keyframe: 9 -0.88337 0.36639 0.29224 0 0.18762 -0.29494 0.93691 0 0.42947 0.88247 0.19179 0 -0.09632 0.4188 0.11284 1
keyframe: 10 -0.86567 0.4034 0.29643 0 0.32303 -0.00224 0.94638 0 0.38244 0.91501 -0.12836 0 -0.07427 0.45629 0.15294 1
keyframe: 11 -0.82572 0.46237 0.32309 0 0.48619 0.29296 0.82328 0 0.286 0.83688 -0.4667 0 -0.04493 0.50669 0.17377 1
keyframe: 12 -0.77147 0.53245 0.34829 0 0.62584 0.53644 0.56616 0 0.11461 0.65476 -0.74709 0 -0.0139 0.5562 0.17062 1
keyframe: 13 -0.72154 0.57385 0.38738 0 0.69004 0.64183 0.3345 0 -0.05667 0.50867 -0.85909 0 0.00481 0.57916 0.15645 1
keyframe: 14 -0.69367 0.54948 0.46571 0 0.71326 0.61413 0.33778 0 -0.10039 0.56648 -0.81793 0 0.00807 0.5674 0.15492 1
keyframe: 15 -0.71885 0.45053 0.5294 0 0.69422 0.42566 0.58039 0 0.03613 0.78474 -0.61876 0 -0.00328 0.52391 0.16641 1
keyframe: 16 -0.79981 0.34492 0.49124 0 0.5397 0.05507 0.84004 0 0.26269 0.93701 -0.23021 0 -0.03658 0.45917 0.16587 1
keyframe: 17 -0.87945 0.31276 0.35881 0 0.23856 -0.36268 0.90086 0 0.41188 0.87786 0.24434 0 -0.08931 0.39855 0.13141 1

#Bone: R_leg 
globalBindposeInverse: 0.03624 0.99934 0 0 -0.99934 0.03624 0 0 0 0 1 0 0.37402 0.03564 -0.00115 1
keyframe: 0 0.05326 -0.96804 0.24504 0 0.99562 0.07034 0.06148 0 -0.07675 0.24069 0.96756 0 -0.04767 0.33883 -0.00591 1
keyframe: 1 0.04009 -0.91457 0.40241 0 0.99329 0.08019 0.08329 0 -0.10845 0.39637 0.91166 0 -0.04835 0.33799 -0.00193 1
keyframe: 2 0.01651 -0.86923 0.49412 0 0.98837 0.08887 0.12332 0 -0.15111 0.48634 0.8606 0 -0.04755 0.34003 0.00446 1
keyframe: 3 -0.00279 -0.84657 0.53225 0 0.98177 0.09882 0.16232 0 -0.19002 0.52301 0.83087 0 -0.04566 0.34381 0.01009 1
keyframe: 4 -0.0172 -0.80315 0.59552 0 0.97647 0.11454 0.1827 0 -0.21495 0.58465 0.78228 0 -0.04329 0.34672 0.01174 1
keyframe: 5 -0.03133 -0.76689 0.64101 0 0.97555 0.1161 0.18659 0 -0.21752 0.63118 0.7445 0 -0.04104 0.34759 0.00717 1
keyframe: 6 -0.0659 -0.71361 0.69742 0 0.97859 0.09034 0.18492 0 -0.19497 0.69468 0.69238 0 -0.0392 0.34774 -0.00138 1
keyframe: 7 -0.0968 -0.71199 0.69547 0 0.98055 0.05163 0.18933 0 -0.17071 0.70028 0.69315 0 -0.03782 0.34664 -0.00897 1
keyframe: 8 -0.12636 -0.79019 0.59969 0 0.97793 0.00215 0.2089 0 -0.16636 0.61285 0.77248 0 -0.03703 0.34398 -0.01186 1
keyframe: 9 -0.14702 -0.89696 0.41694 0 0.97518 -0.0609 0.21283 0 -0.16551 0.43788 0.88366 0 -0.03664 0.34075 -0.01006 1
keyframe: 10 -0.13893 -0.96973 0.20078 0 0.97891 -0.10383 0.17592 0 -0.14974 0.22098 0.96371 0 -0.03688 0.33958 -0.00656 1
keyframe: 11 -0.10196 -0.99461 0.01877 0 0.98787 -0.09901 0.11959 0 -0.11709 0.03074 0.99264 0 -0.03808 0.34198 -0.00382 1
keyframe: 12 -0.05664 -0.99243 -0.10894 0 0.99472 -0.06543 0.07894 0 -0.08547 -0.10389 0.9909 0 -0.04003 0.34567 -0.00121 1
keyframe: 13 -0.01597 -0.98322 -0.18172 0 0.99752 -0.02811 0.06438 0 -0.06841 -0.18024 0.98123 0 -0.04201 0.34707 0.00166 1
keyframe: 14 0.02009 -0.98325 -0.18113 0 0.99812 0.00926 0.06044 0 -0.05775 -0.18201 0.98159 0 -0.04377 0.34515 0.00245 1
keyframe: 15 0.04833 -0.99457 -0.09213 0 0.99745 0.04322 0.05662 0 -0.05233 -0.09464 0.99413 0 -0.04505 0.34137 0.00049 1
keyframe: 16 0.05602 -0.99418 0.09193 0 0.99655 0.06132 0.05587 0 -0.06118 0.08848 0.99419 0 -0.04634 0.33878 -0.00312 1
keyframe: 17 0.05326 -0.96804 0.24504 0 0.99562 0.07034 0.06148 0 -0.07675 0.24069 0.96756 0 -0.04767 0.33883 -0.00591 1

#Bone: L_leg 
globalBindposeInverse: -0.04682 -0.9989 0 0 -0.9989 0.04682 0 0 0 0 -1 0 0.37178 0.03604 0.00115 1
keyframe: 0 0.07614 -0.7822 0.61834 0 -0.99709 -0.05754 0.04999 0 -0.00352 -0.62035 -0.78431 0 0.05471 0.34193 0.00059 1
keyframe: 1 0.11662 -0.90321 0.41303 0 -0.99187 -0.08467 0.0949 0 -0.05074 -0.42074 -0.90575 0 0.05368 0.34335 0.0078 1
keyframe: 2 0.10705 -0.98 0.16769 0 -0.99083 -0.09118 0.09966 0 -0.08238 -0.17682 -0.98078 0 0.05439 0.34658 0.01441 1
keyframe: 3 0.05301 -0.99793 -0.03614 0 -0.99545 -0.05567 0.07722 0 -0.07907 0.03188 -0.99635 0 0.05632 0.35161 0.01857 1
keyframe: 4 -0.00996 -0.98648 -0.16354 0 -0.99923 0.00361 0.03906 0 -0.03794 0.16381 -0.98576 0 0.05852 0.3562 0.0206 1
keyframe: 5 -0.05898 -0.9755 -0.21192 0 -0.99798 0.06257 -0.01029 0 0.0233 0.21088 -0.97723 0 0.06017 0.35771 0.02079 1
keyframe: 6 -0.0896 -0.97711 -0.19292 0 -0.99246 0.10385 -0.06501 0 0.08356 0.18565 -0.97905 0 0.06103 0.3559 0.0191 1
keyframe: 7 -0.10622 -0.9882 -0.11031 0 -0.98759 0.11775 -0.10385 0 0.11561 0.09791 -0.98845 0 0.06171 0.35159 0.01557 1
keyframe: 8 -0.12406 -0.99021 0.06393 0 -0.98628 0.11599 -0.11743 0 0.10886 -0.07762 -0.99102 0 0.06269 0.34708 0.01218 1
keyframe: 9 -0.1295 -0.9667 0.22069 0 -0.98685 0.10394 -0.12376 0 0.0967 -0.23382 -0.96745 0 0.06361 0.3439 0.01165 1
keyframe: 10 -0.1301 -0.91982 0.37013 0 -0.9873 0.08587 -0.13363 0 0.09114 -0.38282 -0.91931 0 0.0635 0.34342 0.01448 1
keyframe: 11 -0.11847 -0.8784 0.46299 0 -0.98857 0.06058 -0.13802 0 0.09319 -0.47405 -0.87555 0 0.06216 0.34526 0.01795 1
keyframe: 12 -0.09014 -0.84547 0.52634 0 -0.99172 0.02771 -0.12531 0 0.09136 -0.53329 -0.84098 0 0.06053 0.347 0.01925 1
keyframe: 13 -0.05013 -0.81122 0.58257 0 -0.99566 -0.00516 -0.09288 0 0.07835 -0.5847 -0.80745 0 0.05953 0.34681 0.01654 1
keyframe: 14 -0.02867 -0.73973 0.67228 0 -0.99806 -0.01597 -0.06014 0 0.05522 -0.6727 -0.73784 0 0.05861 0.3454 0.00955 1
keyframe: 15 -0.0026 -0.68105 0.73222 0 -0.99936 -0.02421 -0.02607 0 0.03549 -0.73182 -0.68056 0 0.05754 0.34339 0.00239 1
keyframe: 16 0.03669 -0.69715 0.71598 0 -0.99919 -0.03722 0.01496 0 0.01622 -0.71595 -0.69795 0 0.05622 0.34188 -0.00118 1
keyframe: 17 0.07614 -0.7822 0.61834 0 -0.99709 -0.05754 0.04999 0 -0.00352 -0.62035 -0.78431 0 0.05471 0.34193 0.00059 1

#Bone: R_leg2 
globalBindposeInverse: 0.05906 0.99825 0 0 -0.99823 0.05906 0.00671 0 0.0067 -0.00039 0.99997 0 0.19466 0.0312 -0.00115 1
keyframe: 0 0.10506 -0.8147 -0.57027 0 0.98608 0.01104 0.16588 0 -0.12884 -0.57977 0.80452 0 -0.03807 0.16446 0.03822 1
keyframe: 1 0.12384 -0.87 -0.47723 0 0.98423 0.04648 0.17066 0 -0.12629 -0.49084 0.86204 0 -0.04113 0.17325 0.07055 1
keyframe: 2 0.14429 -0.93475 -0.32467 0 0.98262 0.09665 0.15844 0 -0.11672 -0.34189 0.93245 0 -0.04457 0.18346 0.09346 1
keyframe: 3 0.14586 -0.98364 -0.10569 0 0.98477 0.13415 0.1105 0 -0.09451 -0.1202 0.98823 0 -0.04617 0.19132 0.10596 1
keyframe: 4 0.13311 -0.9853 0.10699 0 0.9894 0.13841 0.04374 0 -0.05791 0.10004 0.99329 0 -0.04638 0.20205 0.119 1
keyframe: 5 0.12014 -0.97473 0.18831 0 0.9919 0.12572 0.01788 0 -0.04111 0.18464 0.98194 0 -0.04669 0.20946 0.12263 1
keyframe: 6 0.12939 -0.99118 -0.02829 0 0.9897 0.12733 0.06533 0 -0.06115 -0.03645 0.99746 0 -0.05107 0.2192 0.12423 1
keyframe: 7 0.14148 -0.91116 -0.38698 0 0.98116 0.07713 0.17711 0 -0.13152 -0.40475 0.90491 0 -0.05525 0.2184 0.11629 1
keyframe: 8 0.1597 -0.68524 -0.71058 0 0.96087 -0.05711 0.27104 0 -0.22632 -0.72606 0.64931 0 -0.05979 0.20165 0.09614 1
keyframe: 9 0.1712 -0.40509 -0.8981 0 0.94312 -0.19626 0.26831 0 -0.28496 -0.89296 0.34845 0 -0.06312 0.17919 0.06503 1
keyframe: 10 0.1535 -0.21523 -0.96442 0 0.9517 -0.2304 0.20289 0 -0.26587 -0.94899 0.16946 0 -0.0619 0.16492 0.0296 1
keyframe: 11 0.11093 -0.184 -0.97664 0 0.97803 -0.15426 0.14016 0 -0.17645 -0.97074 0.16285 0 -0.05644 0.16283 -0.00044 1
keyframe: 12 0.07593 -0.28257 -0.95623 0 0.99376 -0.05706 0.09577 0 -0.08162 -0.95754 0.27647 0 -0.05023 0.16691 -0.02083 1
keyframe: 13 0.06575 -0.44754 -0.89183 0 0.99643 -0.01797 0.08248 0 -0.05294 -0.89408 0.44476 0 -0.04489 0.16997 -0.03106 1
keyframe: 14 0.07162 -0.60734 -0.79119 0 0.99349 -0.027 0.11066 0 -0.08858 -0.79397 0.60146 0 -0.04015 0.16804 -0.03017 1
keyframe: 15 0.08488 -0.7173 -0.69156 0 0.98717 -0.03366 0.15607 0 -0.13523 -0.69594 0.70524 0 -0.03634 0.16223 -0.0161 1
keyframe: 16 0.09502 -0.74255 -0.663 0 0.98478 -0.02721 0.17162 0 -0.14548 -0.66922 0.72867 0 -0.03625 0.15971 0.01343 1
keyframe: 17 0.10506 -0.8147 -0.57028 0 0.98608 0.01104 0.16588 0 -0.12884 -0.57977 0.80452 0 -0.03807 0.16446 0.03822 1

#Bone: L_leg2 
globalBindposeInverse: -0.03612 -0.99934 0 0 -0.99932 0.03612 -0.00671 0 0.0067 -0.00024 -0.99997 0 0.19212 0.0381 0.00115 1
keyframe: 0 0.01967 -0.68963 -0.72389 0 -0.96922 -0.19085 0.15547 0 -0.24537 0.69855 -0.67216 0 0.06836 0.2017 0.11144 1
keyframe: 1 -0.03926 -0.42631 -0.90372 0 -0.95916 -0.23744 0.15368 0 -0.2801 0.87285 -0.39958 0 0.07458 0.18143 0.08185 1
keyframe: 2 -0.06737 -0.26412 -0.96213 0 -0.97432 -0.19021 0.12044 0 -0.21482 0.94554 -0.24452 0 0.07358 0.1709 0.04447 1
keyframe: 3 -0.05837 -0.25989 -0.96387 0 -0.99255 -0.08826 0.0839 0 -0.10688 0.96159 -0.2528 0 0.06582 0.17271 0.01209 1
keyframe: 4 -0.03391 -0.37535 -0.92626 0 -0.99874 -0.02133 0.04521 0 -0.03673 0.92663 -0.37416 0 0.05673 0.17936 -0.00871 1
keyframe: 5 -0.01598 -0.5379 -0.84285 0 -0.99941 -0.01675 0.02965 0 -0.03007 0.84283 -0.53732 0 0.0496 0.18284 -0.01719 1
keyframe: 6 -0.01103 -0.68895 -0.72472 0 -0.99919 -0.02032 0.03452 0 -0.03851 0.72452 -0.68817 0 0.04497 0.18074 -0.01547 1
keyframe: 7 -0.0153 -0.79112 -0.61146 0 -0.99948 -0.00517 0.03171 0 -0.02825 0.61163 -0.79063 0 0.04267 0.17444 -0.00419 1
keyframe: 8 -0.01371 -0.8181 -0.5749 0 -0.99978 0.00241 0.02042 0 -0.01532 0.57505 -0.81796 0 0.04045 0.16956 0.02364 1
keyframe: 9 -0.01437 -0.86635 -0.49922 0 -0.99989 0.01177 0.00836 0 -0.00136 0.49929 -0.86643 0 0.0404 0.17061 0.05122 1
keyframe: 10 -0.01135 -0.9205 -0.39055 0 -0.99984 0.01556 -0.00761 0 0.01308 0.3904 -0.92054 0 0.04018 0.17853 0.08083 1
keyframe: 11 -0.01276 -0.97683 -0.21359 0 -0.99946 0.0189 -0.02674 0 0.03016 0.21313 -0.97655 0 0.04092 0.18779 0.10094 1
keyframe: 12 -0.01153 -0.9999 0.00723 0 -0.99938 0.01128 -0.03311 0 0.03303 -0.00761 -0.99942 0 0.04437 0.19544 0.1136 1
keyframe: 13 0.00381 -0.98171 0.19033 0 -0.99988 -0.00651 -0.01356 0 0.01455 -0.19026 -0.98162 0 0.05055 0.20138 0.12098 1
keyframe: 14 0.02458 -0.99283 0.11692 0 -0.9995 -0.02212 0.02234 0 -0.01959 -0.11742 -0.99288 0 0.05347 0.21279 0.13007 1
keyframe: 15 0.04321 -0.98896 -0.14172 0 -0.99569 -0.05428 0.07518 0 -0.08204 0.13786 -0.98704 0 0.05708 0.2213 0.13365 1
keyframe: 16 0.04187 -0.88654 -0.46073 0 -0.98474 -0.11456 0.13094 0 -0.16887 0.44822 -0.87782 0 0.0628 0.21691 0.12716 1
keyframe: 17 0.01967 -0.68963 -0.72389 0 -0.96922 -0.19085 0.15547 0 -0.24537 0.69855 -0.67216 0 0.06836 0.2017 0.11144 1

#Bone: R_foot 
globalBindposeInverse: 0 -0.99999 0 0 0.99997 0 0.00671 0 -0.00671 0 0.99997 0 -0.03486 -0.03332 -0.00115 1
keyframe: 0 -0.09304 0.81478 0.57225 0 -0.98724 -0.00094 -0.15918 0 -0.12916 -0.57976 0.80448 0 -0.02148 0.03583 -0.05181 1
keyframe: 1 -0.11184 0.87051 0.47927 0 -0.98562 -0.03573 -0.1651 0 -0.1266 -0.49084 0.86199 0 -0.02157 0.03589 -0.0048 1
keyframe: 2 -0.13232 0.93586 0.32657 0 -0.98427 -0.08516 -0.15477 0 -0.11703 -0.34191 0.93241 0 -0.02179 0.03588 0.0422 1
keyframe: 3 -0.13386 0.9852 0.10702 0 -0.98645 -0.12213 -0.10952 0 -0.09482 -0.12023 0.9882 0 -0.02314 0.03602 0.08927 1
keyframe: 4 -0.12105 0.98691 -0.10646 0 -0.99093 -0.12644 -0.04535 0 -0.05822 0.10001 0.99328 0 -0.02537 0.04648 0.1359 1
keyframe: 5 -0.10806 0.97618 -0.18809 0 -0.99328 -0.1139 -0.02048 0 -0.04142 0.18461 0.98193 0 -0.02771 0.05556 0.15236 1
keyframe: 6 -0.11733 0.99266 0.02907 0 -0.99118 -0.11525 -0.0653 0 -0.06147 -0.03648 0.99744 0 -0.03064 0.0627 0.11976 1
keyframe: 7 -0.12953 0.91203 0.38911 0 -0.98277 -0.0659 -0.17267 0 -0.13183 -0.40477 0.90486 0 -0.03291 0.07454 0.05519 1
keyframe: 8 -0.14799 0.6845 0.71382 0 -0.96267 0.06568 -0.26257 0 -0.22662 -0.72604 0.64923 0 -0.03457 0.09346 -0.01604 1
keyframe: 9 -0.15971 0.40268 0.90129 0 -0.94504 0.20146 -0.25747 0 -0.28526 -0.89289 0.34837 0 -0.03609 0.11523 -0.07677 1
keyframe: 10 -0.1419 0.21241 0.96682 0 -0.95342 0.2333 -0.19119 0 -0.26617 -0.94891 0.16941 0 -0.03767 0.13093 -0.12267 1
keyframe: 11 -0.09902 0.18212 0.97827 0 -0.97925 0.1568 -0.12831 0 -0.17676 -0.97069 0.16281 0 -0.03893 0.13378 -0.15464 1
keyframe: 12 -0.06382 0.28186 0.95732 0 -0.99459 0.06079 -0.08421 0 -0.08194 -0.95752 0.27645 0 -0.03824 0.1223 -0.17181 1
keyframe: 13 -0.05362 0.4473 0.89277 0 -0.99714 0.0237 -0.07176 0 -0.05325 -0.89406 0.44475 0 -0.03451 0.09931 -0.17187 1
keyframe: 14 -0.05952 0.60698 0.79248 0 -0.99426 0.03465 -0.10121 0 -0.08889 -0.79396 0.60143 0 -0.02884 0.07215 -0.15509 1
keyframe: 15 -0.07285 0.71684 0.69341 0 -0.98808 0.04261 -0.14786 0 -0.13554 -0.69592 0.7052 0 -0.02294 0.04897 -0.12529 1
keyframe: 16 -0.08302 0.74217 0.66504 0 -0.98582 0.03646 -0.16377 0 -0.14579 -0.66921 0.72862 0 -0.02125 0.04246 -0.09124 1
keyframe: 17 -0.09304 0.81478 0.57225 0 -0.98724 -0.00094 -0.15918 0 -0.12916 -0.57976 0.80447 0 -0.02148 0.03583 -0.05181 1

#Bone: L_foot 
globalBindposeInverse: 0 -0.99999 0 0 0.99997 0 0.00671 0 -0.00671 0 0.99997 0 -0.03579 0.03942 -0.00115 1
keyframe: 0 -0.0141 0.69072 0.72298 0 -0.96925 -0.18708 0.15982 0 0.24565 -0.6985 0.67212 0 0.07141 0.09487 -0.0007 1
keyframe: 1 0.04477 0.42768 0.90281 0 -0.95884 -0.23523 0.15898 0 0.28037 -0.87278 0.39954 0 0.0685 0.11539 -0.05815 1
keyframe: 2 0.07297 0.26521 0.96142 0 -0.97386 -0.18896 0.12604 0 0.2151 -0.94549 0.24449 0 0.06314 0.12998 -0.10458 1
keyframe: 3 0.06407 0.2604 0.96337 0 -0.99217 -0.08703 0.08951 0 0.10716 -0.96156 0.25278 0 0.05678 0.13245 -0.13723 1
keyframe: 4 0.03965 0.37547 0.92598 0 -0.99852 -0.01943 0.05064 0 0.03701 -0.92662 0.37415 0 0.05148 0.12121 -0.1522 1
keyframe: 5 0.02173 0.538 0.84266 0 -0.9993 -0.0139 0.03464 0 0.03035 -0.84282 0.53732 0 0.04712 0.0995 -0.14776 1
keyframe: 6 0.01677 0.68906 0.7245 0 -0.9991 -0.01656 0.03888 0 0.03879 -0.72451 0.68816 0 0.04326 0.07401 -0.12775 1
keyframe: 7 0.02104 0.79114 0.61126 0 -0.99937 -0.0008 0.03544 0 0.02853 -0.61162 0.79063 0 0.0403 0.05188 -0.09892 1
keyframe: 8 0.01946 0.81808 0.57476 0 -0.99968 0.00695 0.02396 0 0.0156 -0.57505 0.81796 0 0.03833 0.04282 -0.06541 1
keyframe: 9 0.02012 0.86627 0.49916 0 -0.99979 0.01661 0.01147 0 0.00164 -0.49929 0.86643 0 0.03817 0.03639 -0.02611 1
keyframe: 10 0.01709 0.9204 0.39058 0 -0.99977 0.02074 -0.0051 0 -0.0128 -0.3904 0.92055 0 0.03842 0.03592 0.02032 1
keyframe: 11 0.0185 0.97671 0.21373 0 -0.99938 0.02446 -0.02524 0 -0.02988 -0.21313 0.97656 0 0.03894 0.03646 0.06785 1
keyframe: 12 0.01727 0.99982 -0.00704 0 -0.99931 0.01703 -0.03287 0 -0.03275 0.00761 0.99943 0 0.04258 0.04053 0.11472 1
keyframe: 13 0.00193 0.98173 -0.19025 0 -0.99989 -0.00082 -0.01438 0 -0.01427 0.19026 0.98162 0 0.05114 0.0493 0.15047 1
keyframe: 14 -0.01884 0.99294 -0.11706 0 -0.99962 -0.01638 0.02195 0 0.01987 0.11743 0.99288 0 0.05728 0.05898 0.14819 1
keyframe: 15 -0.03749 0.98925 0.14128 0 -0.99589 -0.04864 0.07627 0 0.08232 -0.13784 0.98702 0 0.06377 0.06809 0.1117 1
keyframe: 16 -0.03621 0.88719 0.45997 0 -0.98492 -0.10959 0.13384 0 0.16915 -0.44819 0.87778 0 0.06928 0.07956 0.05578 1
keyframe: 17 -0.0141 0.69072 0.72298 0 -0.96925 -0.18708 0.15982 0 0.24565 -0.6985 0.67212 0 0.07141 0.09487 -0.0007 1

#Weight()
471 head null null null / 1 0 0 0
72 hip spine upper null / 0.211074 0.285843 0.503083 0
407 head null null null / 1 0 0 0
8 hip spine R_leg L_leg / 0.4974 0.0196 0.0769 0.4061
463 head null null null / 1 0 0 0
64 hip spine R_leg null / 0.470762 0.275018 0.254219 0
399 head null null null / 1 0 0 0
0 hip spine R_leg L_leg / 0.403748 0.0263871 0.0824063 0.487459
67 hip spine R_leg null / 0.564632 0.183894 0.251474 0
3 hip spine R_leg L_leg / 0.431593 0.0211609 0.100867 0.446379
451 head null null null / 1 0 0 0
68 hip spine R_leg L_leg / 0.4932 0.0427 0.4169 0.0472
387 head null null null / 1 0 0 0
4 hip spine L_leg upper / 0.532442 0.203622 0.124079 0.139856
69 hip spine R_leg L_leg / 0.395786 0.0394639 0.468547 0.0962036
5 hip spine L_leg upper / 0.319376 0.28617 0.255515 0.138939
15 hip spine upper null / 0.195359 0.28502 0.519621 0
71 hip spine upper R_arm / 0.238189 0.200919 0.360892 0.2
7 hip spine L_leg null / 0.537039 0.199557 0.263403 0
73 spine upper head null / 0.0643552 0.739903 0.195742 0
9 hip spine R_leg L_leg / 0.4883 0.0244 0.0898 0.3975
465 head null null null / 1 0 0 0
74 spine upper head R_arm / 0.1185 0.588859 0.0926408 0.2
401 head null null null / 1 0 0 0
10 hip spine L_leg null / 0.474103 0.281834 0.244063 0
479 head null null null / 1 0 0 0
80 hip spine R_leg L_leg / 0.476696 0.0239701 0.387023 0.112312
415 head null null null / 1 0 0 0
16 hip spine upper null / 0.220175 0.279567 0.500258 0
81 hip spine R_leg L_leg / 0.5042 0.021 0.3945 0.0803
17 hip spine upper L_arm / 0.252366 0.202776 0.344858 0.2
477 head null null null / 1 0 0 0
86 hip spine R_leg L_leg / 0.279146 0.074388 0.598781 0.0476857
413 head null null null / 1 0 0 0
22 hip spine upper null / 0.131126 0.283002 0.585872 0
87 hip spine R_leg L_leg / 0.410893 0.183096 0.131273 0.274738
23 hip spine upper null / 0.67124 0.105799 0.222961 0
88 hip spine R_leg L_leg / 0.317844 0.0875965 0.0533947 0.541165
487 head null null null / 1 0 0 0
24 hip spine R_leg L_leg / 0.389048 0.0260971 0.30481 0.280045
89 hip spine L_leg null / 0.315666 0.111133 0.573201 0
25 hip spine R_leg L_leg / 0.503 0.0212 0.2343 0.2415
90 hip spine L_leg null / 0.508363 0.108035 0.383602 0
481 head null null null / 1 0 0 0
26 hip spine R_leg L_leg / 0.478937 0.0331572 0.237577 0.25033
91 hip spine R_leg L_leg / 0.559712 0.0907132 0.0486443 0.30093
27 hip spine L_leg upper / 0.320307 0.302452 0.115112 0.26213
411 head null null null / 1 0 0 0
28 hip spine upper null / 0.164186 0.319177 0.516638 0
39 hip spine R_leg L_leg / 0.302197 0.034438 0.0735489 0.589816
439 head null null null / 1 0 0 0
40 hip spine R_leg L_leg / 0.399837 0.0396265 0.0975293 0.463007
41 hip spine R_leg L_leg / 0.492933 0.0421816 0.045434 0.419451
433 head null null null / 1 0 0 0
42 hip spine R_leg L_leg / 0.390535 0.0498903 0.0340235 0.525552
43 hip spine R_leg L_leg / 0.388127 0.066177 0.297705 0.247991
427 head null null null / 1 0 0 0
44 hip spine R_leg L_leg / 0.419756 0.0777066 0.187075 0.315463
59 hip spine R_leg L_leg / 0.402223 0.0250026 0.487531 0.0852437
443 head null null null / 1 0 0 0
60 hip spine R_leg L_leg / 0.4956 0.0248 0.3854 0.0942
61 hip spine R_leg L_leg / 0.315173 0.0375129 0.619115 0.0281993
389 head null null null / 1 0 0 0
62 hip spine R_leg L_leg / 0.340836 0.0369744 0.536463 0.0857264
63 hip spine R_leg upper / 0.296341 0.318569 0.249369 0.135721
