#KeyframeAnimationInfo
Keyframe_Length: 22
BoneCount: 16
WeightVertexCount: 637

#Bone: hip 
globalBindposeInverse: 0 -1 0 0 0.99999 0 0 0 0 0 0.99999 0 -0.40047 0.00205 -0.00115 1
keyframe: 0 0.11765 0.97968 0.16237 0 -0.9897 0.12909 -0.06175 0 -0.08146 -0.15344 0.98479 0 0.00437 0.36793 -0.00137 1
keyframe: 1 0.07886 0.97542 0.20573 0 -0.99129 0.09854 -0.08725 0 -0.10538 -0.19706 0.9747 0 0.00386 0.37526 -0.00338 1
keyframe: 2 0.02872 0.97149 0.23532 0 -0.99141 0.05773 -0.11732 0 -0.12756 -0.22993 0.9648 0 0.00406 0.3817 -0.0034 1
keyframe: 3 -0.01869 0.96414 0.26471 0 -0.99268 0.01367 -0.11992 0 -0.11924 -0.26501 0.95684 0 0.00459 0.38608 -0.00168 1
keyframe: 4 -0.03633 0.95668 0.28883 0 -0.99618 -0.01172 -0.08648 0 -0.07935 -0.29087 0.95346 0 0.00465 0.38868 0.00063 1
keyframe: 5 -0.01435 0.95886 0.28348 0 -0.99937 -0.00461 -0.03502 0 -0.03227 -0.28381 0.95833 0 0.00341 0.38825 0.0028 1
keyframe: 6 0.02262 0.97061 0.23956 0 -0.9997 0.01993 0.01365 0 0.00847 -0.2398 0.97078 0 0.0021 0.38291 0.00292 1
keyframe: 7 0.03465 0.98205 0.18538 0 -0.99765 0.02305 0.06438 0 0.05895 -0.18718 0.98055 0 0.00166 0.37441 2e-05 1
keyframe: 8 0.00907 0.98764 0.15641 0 -0.99239 -0.0103 0.12264 0 0.12274 -0.15634 0.98004 0 0.00276 0.36701 -0.00302 1
keyframe: 9 -0.028 0.98673 0.15992 0 -0.98368 -0.05564 0.17105 0 0.17767 -0.15252 0.97219 0 0.00482 0.36038 -0.00412 1
keyframe: 10 -0.04084 0.98322 0.17777 0 -0.98028 -0.07385 0.18327 0 0.19332 -0.16678 0.96685 0 0.00707 0.35968 -0.00432 1
keyframe: 11 -0.01658 0.98194 0.18846 0 -0.9861 -0.04722 0.15926 0 0.16529 -0.1832 0.96907 0 0.00881 0.36445 -0.00498 1
keyframe: 12 0.03304 0.98152 0.18845 0 -0.99268 0.01032 0.12026 0 0.11609 -0.19105 0.97468 0 0.00933 0.37602 -0.00495 1
keyframe: 13 0.08355 0.97734 0.19448 0 -0.99458 0.06968 0.07712 0 0.06182 -0.19987 0.97786 0 0.0093 0.38781 -0.00278 1
keyframe: 14 0.1117 0.97088 0.2119 0 -0.99372 0.10809 0.02856 0 0.00482 -0.21376 0.97687 0 0.00858 0.39413 -0.00028 1
keyframe: 15 0.10877 0.97026 0.21622 0 -0.9932 0.11511 -0.01688 0 -0.04127 -0.21291 0.97619 0 0.00838 0.39185 0.00121 1
keyframe: 16 0.08983 0.97864 0.18486 0 -0.99405 0.09958 -0.04411 0 -0.06157 -0.17979 0.98177 0 0.00874 0.38372 0.0014 1
keyframe: 17 0.08311 0.98737 0.13482 0 -0.99445 0.09092 -0.05285 0 -0.06444 -0.12968 0.98945 0 0.00835 0.375 0.00022 1
keyframe: 18 0.10581 0.98876 0.10559 0 -0.99156 0.11291 -0.06367 0 -0.07488 -0.09796 0.99236 0 0.00654 0.36716 -0.00107 1
keyframe: 19 0.13639 0.98448 0.11035 0 -0.98601 0.14567 -0.08091 0 -0.09573 -0.09777 0.99059 0 0.00459 0.36177 -0.00088 1
keyframe: 20 0.14041 0.98115 0.13275 0 -0.98442 0.15267 -0.08712 0 -0.10574 -0.11845 0.98731 0 0.00332 0.36219 0.00052 1
keyframe: 21 0.11765 0.97968 0.16237 0 -0.9897 0.12909 -0.06175 0 -0.08146 -0.15344 0.98479 0 0.00437 0.36793 -0.00137 1

#Bone: spine 
globalBindposeInverse: 0 -1 0 0 0.99999 0 0 0 0 0 0.99999 0 -0.46025 0.00205 -0.00115 1
keyframe: 0 0.07508 0.96482 0.25194 0 -0.99437 0.09138 -0.05362 0 -0.07476 -0.2465 0.96625 0 0.01141 0.42649 0.00832 1
keyframe: 1 0.0627 0.96162 0.26712 0 -0.99534 0.07989 -0.05397 0 -0.07324 -0.26249 0.96214 0 0.00858 0.43357 0.00891 1
keyframe: 2 0.042 0.95988 0.27723 0 -0.99764 0.05532 -0.04042 0 -0.05413 -0.27488 0.95995 0 0.00577 0.43978 0.01066 1
keyframe: 3 0.02257 0.95688 0.28959 0 -0.99972 0.02348 0.00033 0 -0.00648 -0.28952 0.95714 0 0.00347 0.44372 0.01413 1
keyframe: 4 0.01738 0.95384 0.29978 0 -0.99819 -0.00066 0.06 0 0.05743 -0.30028 0.95211 0 0.00248 0.44587 0.0179 1
keyframe: 5 0.02898 0.95485 0.29565 0 -0.99354 -0.00492 0.11332 0 0.10966 -0.29703 0.94854 0 0.00255 0.44557 0.01974 1
keyframe: 6 0.04362 0.9608 0.27376 0 -0.98951 0.00379 0.14436 0 0.13766 -0.27719 0.9509 0 0.00346 0.44093 0.01724 1
keyframe: 7 0.04511 0.96773 0.2479 0 -0.98685 0.00462 0.16153 0 0.15517 -0.25193 0.95522 0 0.00373 0.43311 0.0111 1
keyframe: 8 0.03034 0.9718 0.23384 0 -0.98301 -0.01334 0.18301 0 0.18097 -0.23542 0.95489 0 0.0033 0.42605 0.00632 1
keyframe: 9 0.00932 0.97205 0.23455 0 -0.97777 -0.04026 0.20576 0 0.20945 -0.23126 0.95007 0 0.00315 0.41936 0.00543 1
keyframe: 10 -0.00597 0.97043 0.24127 0 -0.97692 -0.05717 0.20577 0 0.21348 -0.23447 0.94839 0 0.00463 0.41846 0.0063 1
keyframe: 11 -0.00937 0.96923 0.24596 0 -0.98411 -0.05255 0.16955 0 0.17726 -0.24046 0.95433 0 0.00782 0.42315 0.00628 1
keyframe: 12 -0.00075 0.96807 0.25067 0 -0.994 -0.02813 0.10565 0 0.10933 -0.24909 0.96228 0 0.0113 0.43469 0.00631 1
keyframe: 13 0.01309 0.96479 0.26266 0 -0.99953 0.00541 0.02994 0 0.02747 -0.26293 0.96442 0 0.01429 0.44623 0.00884 1
keyframe: 14 0.02032 0.96 0.27923 0 -0.99847 0.03381 -0.04356 0 -0.05126 -0.27792 0.95923 0 0.01525 0.45217 0.01238 1
keyframe: 15 0.01614 0.95819 0.28567 0 -0.99402 0.04624 -0.09891 0 -0.10798 -0.28236 0.9532 0 0.01488 0.44985 0.01414 1
keyframe: 16 0.01 0.96201 0.27282 0 -0.99173 0.04444 -0.12033 0 -0.12789 -0.26936 0.9545 0 0.01411 0.44221 0.01245 1
keyframe: 17 0.01627 0.96803 0.2503 0 -0.99298 0.04497 -0.10939 0 -0.11715 -0.24676 0.96196 0 0.01332 0.43402 0.00828 1
keyframe: 18 0.03839 0.97084 0.2366 0 -0.99406 0.06122 -0.08992 0 -0.10179 -0.23174 0.96743 0 0.01286 0.42626 0.00523 1
keyframe: 19 0.06403 0.96912 0.23809 0 -0.9932 0.08512 -0.07936 0 -0.09718 -0.23139 0.96799 0 0.01274 0.42062 0.00571 1
keyframe: 20 0.0779 0.96614 0.24595 0 -0.99262 0.09815 -0.07116 0 -0.0929 -0.23859 0.96666 0 0.01171 0.42084 0.00846 1
keyframe: 21 0.07508 0.96482 0.25194 0 -0.99437 0.09138 -0.05362 0 -0.07476 -0.2465 0.96625 0 0.01141 0.42649 0.00832 1

#Bone: upper 
globalBindposeInverse: 0 -1 0 0 0.99999 0 0 0 0 0 0.99999 0 -0.58494 0.00205 -0.00115 1
keyframe: 0 -0.08231 0.90507 0.41721 0 -0.99518 -0.05229 -0.08289 0 -0.0532 -0.42202 0.90501 0 0.02077 0.5468 0.03974 1
keyframe: 1 -0.02814 0.92253 0.38489 0 -0.99957 -0.02901 -0.00355 0 0.00788 -0.38482 0.92295 0 0.0164 0.55348 0.04222 1
keyframe: 2 0.03404 0.93387 0.35598 0 -0.99357 -0.00684 0.11297 0 0.10793 -0.35754 0.92763 0 0.01101 0.55947 0.04523 1
keyframe: 3 0.08779 0.94171 0.32475 0 -0.97031 0.00709 0.24174 0 0.22534 -0.33633 0.91438 0 0.00629 0.56303 0.05024 1
keyframe: 4 0.11606 0.94709 0.29922 0 -0.93883 0.00626 0.34431 0 0.32422 -0.32088 0.88989 0 0.00465 0.56481 0.05528 1
keyframe: 5 0.1172 0.94652 0.30058 0 -0.91937 -0.01103 0.39323 0 0.37552 -0.32243 0.86891 0 0.00617 0.56464 0.05661 1
keyframe: 6 0.10328 0.93824 0.3302 0 -0.92194 -0.03429 0.3858 0 0.3733 -0.34428 0.86146 0 0.0089 0.56074 0.05138 1
keyframe: 7 0.09207 0.9272 0.36306 0 -0.93784 -0.04177 0.34453 0 0.33462 -0.37221 0.86572 0 0.00935 0.55378 0.04202 1
keyframe: 8 0.09638 0.9213 0.3767 0 -0.95112 -0.0263 0.30769 0 0.29338 -0.38794 0.87373 0 0.00708 0.54723 0.03548 1
keyframe: 9 0.106 0.92269 0.37068 0 -0.95585 -0.00818 0.29372 0 0.27404 -0.38545 0.88109 0 0.00431 0.54057 0.03468 1
keyframe: 10 0.09076 0.92997 0.35624 0 -0.96144 -0.0114 0.27475 0 0.25957 -0.36744 0.89308 0 0.00389 0.53946 0.03638 1
keyframe: 11 0.03505 0.93495 0.35303 0 -0.9777 -0.04109 0.2059 0 0.20701 -0.35237 0.91267 0 0.00665 0.544 0.03695 1
keyframe: 12 -0.04683 0.92846 0.36845 0 -0.99386 -0.0803 0.07603 0 0.10018 -0.36262 0.92653 0 0.01121 0.5554 0.03757 1
keyframe: 13 -0.12475 0.91489 0.38393 0 -0.99167 -0.10254 -0.07787 0 -0.03188 -0.39045 0.92006 0 0.01592 0.56654 0.04159 1
keyframe: 14 -0.17521 0.90519 0.3872 0 -0.97356 -0.10076 -0.20497 0 -0.14652 -0.41288 0.89892 0 0.01779 0.57188 0.0472 1
keyframe: 15 -0.1919 0.89935 0.39284 0 -0.95732 -0.08339 -0.27673 0 -0.21611 -0.42918 0.87697 0 0.01689 0.56933 0.04976 1
keyframe: 16 -0.17908 0.89052 0.4182 0 -0.9566 -0.0583 -0.28548 0 -0.22984 -0.45118 0.86232 0 0.01536 0.56217 0.04647 1
keyframe: 17 -0.14794 0.879 0.45328 0 -0.96982 -0.03912 -0.24065 0 -0.19379 -0.47521 0.85826 0 0.01535 0.55473 0.03949 1
keyframe: 18 -0.11807 0.87273 0.47369 0 -0.98367 -0.03755 -0.176 0 -0.13582 -0.48674 0.86292 0 0.01765 0.54732 0.03473 1
keyframe: 19 -0.10196 0.87546 0.47239 0 -0.99058 -0.04572 -0.12906 0 -0.09139 -0.4811 0.87188 0 0.02072 0.54146 0.0354 1
keyframe: 20 -0.09363 0.88634 0.45346 0 -0.99308 -0.05075 -0.10584 0 -0.07079 -0.46023 0.88496 0 0.02143 0.54131 0.03913 1
keyframe: 21 -0.08231 0.90507 0.41721 0 -0.99518 -0.05229 -0.08289 0 -0.0532 -0.42202 0.90501 0 0.02077 0.5468 0.03974 1

#Bone: head 
globalBindposeInverse: 0 -1 0 0 0.99999 0 0 0 0 0 0.99999 0 -0.63789 0.00205 -0.00115 1
keyframe: 0 -0.0031 0.96795 0.25109 0 -0.99907 0.00777 -0.04231 0 -0.04291 -0.25099 0.96703 0 0.01641 0.59472 0.06183 1
keyframe: 1 0.02556 0.95269 0.30285 0 -0.99962 0.02124 0.01755 0 0.01029 -0.30319 0.95287 0 0.01491 0.60233 0.0626 1
keyframe: 2 0.06607 0.94469 0.32123 0 -0.99351 0.03243 0.10898 0 0.09254 -0.32635 0.9407 0 0.01281 0.60892 0.06408 1
keyframe: 3 0.10218 0.94836 0.30025 0 -0.97634 0.0378 0.21288 0 0.19053 -0.3149 0.92979 0 0.01094 0.6129 0.06744 1
keyframe: 4 0.13093 0.94938 0.28552 0 -0.95206 0.0401 0.30327 0 0.27647 -0.31154 0.90912 0 0.01079 0.61496 0.07112 1
keyframe: 5 0.13832 0.94988 0.28032 0 -0.93538 0.03228 0.35216 0 0.32546 -0.31091 0.89297 0 0.01237 0.61476 0.07253 1
keyframe: 6 0.09235 0.97294 0.21178 0 -0.93648 0.0126 0.35047 0 0.33832 -0.2307 0.91231 0 0.01437 0.61042 0.06886 1
keyframe: 7 0.08192 0.96569 0.24642 0 -0.94853 -0.00033 0.31666 0 0.30588 -0.25968 0.91596 0 0.01423 0.60288 0.06124 1
keyframe: 8 0.06281 0.9601 0.27251 0 -0.96223 -0.01421 0.27185 0 0.26487 -0.27929 0.92294 0 0.01219 0.59601 0.05543 1
keyframe: 9 0.05495 0.95642 0.28677 0 -0.9676 -0.01986 0.25168 0 0.24641 -0.29131 0.92434 0 0.00992 0.58943 0.0543 1
keyframe: 10 0.06075 0.9433 0.3263 0 -0.97085 -0.02008 0.23884 0 0.23185 -0.3313 0.91459 0 0.00869 0.58871 0.05525 1
keyframe: 11 0.04911 0.93054 0.36286 0 -0.98132 -0.02268 0.19099 0 0.18596 -0.36547 0.91205 0 0.0085 0.59351 0.05564 1
keyframe: 12 0.00159 0.91168 0.41087 0 -0.99541 -0.03782 0.0878 0 0.09559 -0.40913 0.90745 0 0.00873 0.60456 0.05708 1
keyframe: 13 -0.09021 0.89266 0.44159 0 -0.99569 -0.07137 -0.05913 0 -0.02126 -0.44502 0.89526 0 0.00932 0.61498 0.06192 1
keyframe: 14 -0.16564 0.88078 0.44359 0 -0.97868 -0.09145 -0.18387 0 -0.12139 -0.46459 0.87716 0 0.00851 0.61981 0.0677 1
keyframe: 15 -0.15222 0.90367 0.40024 0 -0.97114 -0.06153 -0.23041 0 -0.18359 -0.42377 0.88696 0 0.00673 0.61695 0.07056 1
keyframe: 16 -0.09985 0.93343 0.34456 0 -0.97501 -0.02272 -0.22097 0 -0.19843 -0.35802 0.91238 0 0.00588 0.60933 0.06861 1
keyframe: 17 -0.05672 0.95038 0.30585 0 -0.9838 -0.00103 -0.17924 0 -0.17003 -0.31106 0.93505 0 0.00752 0.60128 0.0635 1
keyframe: 18 -0.03132 0.96176 0.27209 0 -0.9923 0.0027 -0.12377 0 -0.11978 -0.27387 0.95427 0 0.0114 0.59354 0.05982 1
keyframe: 19 -0.01706 0.96993 0.24277 0 -0.9969 0.00213 -0.07861 0 -0.07677 -0.24336 0.96689 0 0.01532 0.58782 0.06041 1
keyframe: 20 -0.00434 0.97335 0.22924 0 -0.99819 0.00953 -0.05938 0 -0.05998 -0.22909 0.97155 0 0.01647 0.58824 0.06314 1
keyframe: 21 -0.0031 0.96795 0.25109 0 -0.99907 0.00777 -0.04231 0 -0.04291 -0.25098 0.96703 0 0.01641 0.59472 0.06183 1

#Bone: L_arm 
globalBindposeInverse: 0.99983 0.01801 0 0 -0.01801 0.99983 0 0 0 0 1 0 -0.0589 -0.58577 -0.00115 1
keyframe: 0 0.40604 -0.55644 -0.7249 0 0.91354 0.22662 0.33775 0 -0.02366 -0.79938 0.60035 0 0.08787 0.55002 0.04519 1
keyframe: 1 0.40908 -0.52328 -0.74754 0 0.91237 0.24818 0.32555 0 0.01517 -0.81521 0.57895 0 0.08377 0.55513 0.04233 1
keyframe: 2 0.41843 -0.43559 -0.79697 0 0.90299 0.29376 0.31352 0 0.09755 -0.85085 0.51626 0 0.07796 0.55962 0.0375 1
keyframe: 3 0.41065 -0.32477 -0.85198 0 0.88841 0.35273 0.29375 0 0.20512 -0.87755 0.43339 0 0.07165 0.56225 0.03384 1
keyframe: 4 0.38921 -0.263 -0.8828 0 0.87023 0.41917 0.25879 0 0.30198 -0.86897 0.39202 0 0.06788 0.56407 0.03197 1
keyframe: 5 0.36692 -0.29698 -0.88156 0 0.8615 0.466 0.20159 0 0.35094 -0.83345 0.42684 0 0.06809 0.56507 0.03001 1
keyframe: 6 0.35614 -0.36597 -0.85978 0 0.86446 0.47838 0.15444 0 0.35478 -0.79825 0.48674 0 0.071 0.56274 0.02527 1
keyframe: 7 0.3828 -0.46637 -0.79746 0 0.87297 0.46507 0.14705 0 0.30229 -0.75246 0.58516 0 0.07253 0.55629 0.01868 1
keyframe: 8 0.41113 -0.61072 -0.67674 0 0.88844 0.43462 0.14752 0 0.20403 -0.66189 0.72129 0 0.07115 0.5487 0.01462 1
keyframe: 9 0.42139 -0.75866 -0.49685 0 0.90236 0.40535 0.14637 0 0.09035 -0.51002 0.8554 0 0.0687 0.54082 0.01476 1
keyframe: 10 0.39849 -0.87558 -0.27303 0 0.91672 0.37093 0.14839 0 -0.02865 -0.30942 0.95049 0 0.06865 0.53993 0.01775 1
keyframe: 11 0.36232 -0.92863 -0.07969 0 0.92064 0.34324 0.18601 0 -0.14538 -0.14076 0.9793 0 0.07253 0.54647 0.02296 1
keyframe: 12 0.33012 -0.94323 0.03631 0 0.90638 0.3275 0.26684 0 -0.26359 -0.05517 0.96305 0 0.07821 0.56051 0.03232 1
keyframe: 13 0.34708 -0.93508 0.07176 0 0.85728 0.34737 0.37998 0 -0.38024 -0.07036 0.9222 0 0.0828 0.57315 0.04671 1
keyframe: 14 0.39107 -0.9157 0.09244 0 0.79783 0.38737 0.46195 0 -0.45883 -0.10689 0.88206 0 0.08346 0.57837 0.06089 1
keyframe: 15 0.408 -0.90207 0.14066 0 0.77407 0.42348 0.4706 0 -0.48409 -0.08312 0.87105 0 0.08147 0.57465 0.06828 1
keyframe: 16 0.40995 -0.89324 0.18451 0 0.78243 0.44837 0.43215 0 -0.46874 -0.03279 0.88272 0 0.07989 0.56581 0.06557 1
keyframe: 17 0.41223 -0.90101 0.13507 0 0.80823 0.43008 0.40222 0 -0.42049 -0.05663 0.90552 0 0.08076 0.55708 0.05556 1
keyframe: 18 0.41933 -0.90529 -0.06784 0 0.83744 0.35688 0.41392 0 -0.3505 -0.23039 0.90778 0 0.08398 0.54957 0.04644 1
keyframe: 19 0.42202 -0.83219 -0.35964 0 0.86804 0.25649 0.42509 0 -0.26151 -0.49159 0.83063 0 0.08752 0.54425 0.04394 1
keyframe: 20 0.41697 -0.68929 -0.59245 0 0.8965 0.20455 0.39297 0 -0.14968 -0.695 0.70325 0 0.08839 0.54444 0.04611 1
keyframe: 21 0.40604 -0.55644 -0.7249 0 0.91354 0.22662 0.33775 0 -0.02366 -0.79938 0.60035 0 0.08787 0.55002 0.04519 1

#Bone: L_arm2 
globalBindposeInverse: 0.99968 -0.02514 0 0 0.02514 0.99968 0 0 0 0 1 0 -0.19422 -0.57792 -0.00115 1
keyframe: 0 0.06068 -0.84999 0.52328 0 0.93385 0.23346 0.27094 0 -0.35247 0.47222 0.80793 0 0.13261 0.48871 -0.03468 1
keyframe: 1 0.11926 -0.88382 0.45236 0 0.92999 0.25899 0.26082 0 -0.34768 0.38958 0.85284 0 0.12885 0.49747 -0.04003 1
keyframe: 2 0.18107 -0.88322 0.43258 0 0.91845 0.30914 0.24673 0 -0.35165 0.35263 0.86717 0 0.12407 0.51162 -0.05031 1
keyframe: 3 0.23589 -0.85116 0.4689 0 0.90139 0.37194 0.22169 0 -0.3631 0.37036 0.85497 0 0.11691 0.52646 -0.06003 1
keyframe: 4 0.28576 -0.79522 0.53474 0 0.88023 0.43842 0.18159 0 -0.37885 0.41881 0.82526 0 0.11077 0.53509 -0.06529 1
keyframe: 5 0.3234 -0.73584 0.59493 0 0.86866 0.4802 0.12174 0 -0.37527 0.47742 0.7945 0 0.10852 0.53234 -0.06712 1
keyframe: 6 0.32284 -0.67827 0.66008 0 0.87107 0.48569 0.07304 0 -0.37014 0.5514 0.74763 0 0.11024 0.52241 -0.06946 1
keyframe: 7 0.27343 -0.62487 0.73127 0 0.88328 0.46411 0.0663 0 -0.38082 0.62779 0.67885 0 0.11471 0.5049 -0.06919 1
keyframe: 8 0.20934 -0.57888 0.78807 0 0.90291 0.42384 0.07149 0 -0.3754 0.69659 0.61141 0 0.11646 0.4814 -0.05994 1
keyframe: 9 0.14768 -0.52441 0.83855 0 0.91975 0.38455 0.0785 0 -0.36364 0.75967 0.53912 0 0.11513 0.45722 -0.03998 1
keyframe: 10 0.07597 -0.4461 0.89174 0 0.93574 0.34079 0.09075 0 -0.34439 0.82755 0.44333 0 0.11256 0.44345 -0.01233 1
keyframe: 11 -0.02336 -0.34816 0.93714 0 0.94212 0.30593 0.13714 0 -0.33444 0.8861 0.32086 0 0.11245 0.44414 0.01417 1
keyframe: 12 -0.14317 -0.27747 0.95 0 0.93166 0.28608 0.22396 0 -0.33392 0.91715 0.21755 0 0.11458 0.45657 0.03632 1
keyframe: 13 -0.28763 -0.20564 0.9354 0 0.89036 0.30242 0.34027 0 -0.35286 0.93072 0.09611 0 0.12104 0.47011 0.05462 1
keyframe: 14 -0.41848 -0.09817 0.9029 0 0.8395 0.33752 0.4258 0 -0.34655 0.93618 -0.05882 0 0.12655 0.47747 0.07107 1
keyframe: 15 -0.47993 0.02207 0.87702 0 0.81946 0.36825 0.43916 0 -0.31327 0.92946 -0.19482 0 0.12643 0.47525 0.08378 1
keyframe: 16 -0.47885 0.11506 0.87032 0 0.82783 0.38917 0.40402 0 -0.29221 0.91395 -0.28161 0 0.12506 0.46738 0.0859 1
keyframe: 17 -0.44535 0.13949 0.88442 0 0.8522 0.369 0.37092 0 -0.27461 0.9189 -0.28321 0 0.12618 0.4578 0.07045 1
keyframe: 18 -0.39762 0.03698 0.9168 0 0.87965 0.29954 0.36942 0 -0.26096 0.95336 -0.15164 0 0.13019 0.44981 0.03896 1
keyframe: 19 -0.31051 -0.24066 0.91959 0 0.9066 0.21584 0.36261 0 -0.28575 0.9463 0.15116 0 0.13402 0.45255 0.00431 1
keyframe: 20 -0.15683 -0.58421 0.7963 0 0.92784 0.18908 0.32147 0 -0.33837 0.78926 0.5124 0 0.13433 0.46848 -0.01916 1
keyframe: 21 0.06068 -0.84999 0.52328 0 0.93385 0.23346 0.27094 0 -0.35247 0.47222 0.80793 0 0.13261 0.48871 -0.03468 1

#Bone: L_hand 
globalBindposeInverse: 0 -1 0 0 0.99999 0 0 0 0 0 0.99999 0 -0.58659 0.33744 -0.00115 1
keyframe: 0 0.93508 0.21201 0.28401 0 -0.03717 0.85559 -0.5163 0 -0.35247 0.47222 0.80793 0 0.14219 0.35453 0.04792 1
keyframe: 1 0.9327 0.23668 0.27212 0 -0.09583 0.89005 -0.44565 0 -0.34768 0.38958 0.85284 0 0.14768 0.35795 0.03137 1
keyframe: 2 0.92271 0.28683 0.25753 0 -0.15792 0.89071 -0.42624 0 -0.35165 0.35263 0.86717 0 0.15265 0.3722 0.01797 1
keyframe: 3 0.90704 0.35042 0.23341 0 -0.21315 0.86025 -0.46317 0 -0.3631 0.37036 0.85497 0 0.15414 0.39209 0.01398 1
keyframe: 4 0.88714 0.41828 0.19498 0 -0.26353 0.80599 -0.53001 0 -0.37885 0.41881 0.82526 0 0.15588 0.40956 0.01911 1
keyframe: 5 0.87652 0.46154 0.13666 0 -0.30145 0.74768 -0.59168 0 -0.37527 0.47742 0.7945 0 0.15957 0.41618 0.02679 1
keyframe: 6 0.87891 0.46848 0.08962 0 -0.30083 0.69027 -0.65804 0 -0.37014 0.5514 0.74763 0 0.1612 0.41534 0.03473 1
keyframe: 7 0.88988 0.44825 0.08467 0 -0.25113 0.63635 -0.72937 0 -0.38082 0.62779 0.67885 0 0.15787 0.40626 0.04624 1
keyframe: 8 0.90789 0.40914 0.09128 0 -0.18656 0.58936 -0.78602 0 -0.3754 0.69659 0.61141 0 0.1495 0.39002 0.06446 1
keyframe: 9 0.92318 0.37124 0.09957 0 -0.1245 0.53391 -0.83632 0 -0.36364 0.75967 0.53912 0 0.13844 0.37444 0.09239 1
keyframe: 10 0.93736 0.32947 0.11315 0 -0.05242 0.45453 -0.88918 0 -0.34439 0.82755 0.44333 0 0.12456 0.37302 0.12843 1
keyframe: 11 0.94123 0.29707 0.16067 0 0.04705 0.35574 -0.93339 0 -0.33445 0.8861 0.32086 0 0.10877 0.38918 0.16211 1
keyframe: 12 0.92776 0.27901 0.24778 0 0.16655 0.28457 -0.94407 0 -0.33392 0.91715 0.21755 0 0.09198 0.41277 0.18629 1
keyframe: 13 0.88285 0.29715 0.36368 0 0.30993 0.21318 -0.92654 0 -0.35286 0.93072 0.09611 0 0.07564 0.43765 0.20228 1
keyframe: 14 0.82871 0.33494 0.44837 0 0.43946 0.10663 -0.8919 0 -0.34655 0.93618 -0.05882 0 0.06049 0.46197 0.21361 1
keyframe: 15 0.80713 0.36869 0.46108 0 0.50039 -0.0128 -0.8657 0 -0.31327 0.92946 -0.19482 0 0.05067 0.47874 0.22223 1
keyframe: 16 0.81553 0.39194 0.42578 0 0.49952 -0.10524 -0.85988 0 -0.29221 0.91395 -0.28161 0 0.04947 0.48555 0.22329 1
keyframe: 17 0.84073 0.37239 0.39305 0 0.46664 -0.13016 -0.87481 0 -0.27461 0.9189 -0.28321 0 0.05588 0.47982 0.21006 1
keyframe: 18 0.86937 0.30038 0.39236 0 0.41962 -0.02943 -0.90722 0 -0.26096 0.95336 -0.15164 0 0.06742 0.45565 0.18369 1
keyframe: 19 0.8985 0.20972 0.38562 0 0.33321 0.24601 -0.91018 0 -0.28575 0.9463 0.15116 0 0.085 0.41456 0.14948 1
keyframe: 20 0.92361 0.17433 0.34139 0 0.18012 0.58878 -0.78796 0 -0.33837 0.78926 0.5124 0 0.10957 0.37626 0.10653 1
keyframe: 21 0.93508 0.21201 0.28401 0 -0.03717 0.85559 -0.5163 0 -0.35247 0.47222 0.80793 0 0.14219 0.35453 0.04792 1

#Bone: R_arm 
globalBindposeInverse: -0.99995 -0.00925 0 0 -0.00925 0.99995 0 0 0 0 -0.99999 0 -0.0631 -0.58423 0.00115 1
keyframe: 0 -0.52233 -0.84442 0.11881 0 -0.66448 0.49037 0.56391 0 -0.53444 0.2156 -0.81724 0 -0.04935 0.54191 0.03334 1
keyframe: 1 -0.37403 -0.83223 0.40924 0 -0.63573 0.55136 0.54021 0 -0.67523 -0.05811 -0.7353 0 -0.0541 0.55021 0.04146 1
keyframe: 2 -0.26717 -0.77185 0.57693 0 -0.62063 0.59582 0.50971 0 -0.73718 -0.22188 -0.63822 0 -0.05915 0.55775 0.05273 1
keyframe: 3 -0.23138 -0.72278 0.65118 0 -0.59461 0.63484 0.49336 0 -0.76999 -0.27304 -0.57667 0 -0.0623 0.56229 0.06687 1
keyframe: 4 -0.22157 -0.68692 0.69212 0 -0.59146 0.65897 0.46467 0 -0.77528 -0.30641 -0.5523 0 -0.06175 0.564 0.07918 1
keyframe: 5 -0.23353 -0.68311 0.69196 0 -0.6012 0.66075 0.44939 0 -0.76421 -0.31106 -0.56499 0 -0.05886 0.56261 0.08397 1
keyframe: 6 -0.2678 -0.72236 0.63754 0 -0.60766 0.64014 0.47005 0 -0.74767 -0.26153 -0.61038 0 -0.0563 0.55708 0.07817 1
keyframe: 7 -0.31242 -0.76563 0.5623 0 -0.59151 0.61997 0.5155 0 -0.7433 -0.17155 -0.64658 0 -0.05695 0.54961 0.06585 1
keyframe: 8 -0.38861 -0.80394 0.45016 0 -0.53467 0.59465 0.60042 0 -0.75039 -0.00735 -0.66094 0 -0.06016 0.54416 0.0567 1
keyframe: 9 -0.47898 -0.83008 0.28554 0 -0.49673 0.5245 0.69148 0 -0.72376 0.18937 -0.66355 0 -0.06328 0.53878 0.05492 1
keyframe: 10 -0.57243 -0.81273 0.1085 0 -0.47705 0.43775 0.76209 0 -0.66687 0.38448 -0.63831 0 -0.06408 0.53743 0.0553 1
keyframe: 11 -0.64532 -0.7611 -0.06542 0 -0.50592 0.36165 0.78309 0 -0.57235 0.53845 -0.61844 0 -0.06239 0.53987 0.05101 1
keyframe: 12 -0.67509 -0.69404 -0.25008 0 -0.59664 0.31429 0.7384 0 -0.43388 0.6477 -0.62627 0 -0.05886 0.54851 0.04245 1
keyframe: 13 -0.66311 -0.62044 -0.41872 0 -0.68799 0.28484 0.66747 0 -0.29486 0.73069 -0.61575 0 -0.05389 0.55809 0.03559 1
keyframe: 14 -0.63254 -0.52308 -0.57119 0 -0.7604 0.27927 0.58633 0 -0.14718 0.80522 -0.57441 0 -0.05068 0.56357 0.03222 1
keyframe: 15 -0.58152 -0.41015 -0.70257 0 -0.81347 0.30338 0.4962 0 0.00963 0.86007 -0.51007 0 -0.05041 0.56226 0.02971 1
keyframe: 16 -0.47842 -0.38408 -0.78967 0 -0.86927 0.33456 0.36391 0 0.12442 0.86054 -0.49393 0 -0.05191 0.55688 0.02577 1
keyframe: 17 -0.39775 -0.44276 -0.80358 0 -0.9036 0.34087 0.25944 0 0.15904 0.82931 -0.53566 0 -0.05289 0.55081 0.02191 1
keyframe: 18 -0.44409 -0.54288 -0.71278 0 -0.89466 0.31182 0.31991 0 0.04858 0.77977 -0.62417 0 -0.05161 0.54352 0.02169 1
keyframe: 19 -0.55024 -0.68654 -0.47527 0 -0.81904 0.33302 0.46719 0 -0.16247 0.64633 -0.74555 0 -0.04904 0.53708 0.02567 1
keyframe: 20 -0.58191 -0.79465 -0.17291 0 -0.73141 0.41843 0.53846 0 -0.35553 0.43981 -0.82471 0 -0.04853 0.53656 0.03106 1
keyframe: 21 -0.52233 -0.84442 0.11881 0 -0.66448 0.49037 0.56391 0 -0.53444 0.2156 -0.81724 0 -0.04935 0.54191 0.03334 1

#Bone: R_arm2 
globalBindposeInverse: -1 0 0 0 0 0.99999 0 0 0 0 -0.99999 0 -0.17571 -0.58262 0.00115 1
keyframe: 0 0.44103 -0.29619 0.8472 0 -0.71502 0.45455 0.53114 0 -0.54242 -0.84002 -0.01131 0 -0.10535 0.45139 0.04608 1
keyframe: 1 0.51489 -0.1735 0.83951 0 -0.68128 0.51158 0.52357 0 -0.52032 -0.84153 0.14521 0 -0.0942 0.46099 0.08533 1
keyframe: 2 0.57207 -0.05856 0.81811 0 -0.66291 0.55435 0.50322 0 -0.48299 -0.83021 0.2783 0 -0.08779 0.47501 0.11458 1
keyframe: 3 0.64044 0.05091 0.76631 0 -0.638 0.59072 0.49395 0 -0.42752 -0.80526 0.4108 0 -0.0871 0.48481 0.13668 1
keyframe: 4 0.68214 0.16032 0.71342 0 -0.63604 0.61142 0.47074 0 -0.36073 -0.77488 0.51905 0 -0.08551 0.49036 0.15338 1
keyframe: 5 0.69014 0.21333 0.69151 0 -0.64666 0.61074 0.45696 0 -0.32484 -0.76255 0.55945 0 -0.0839 0.48938 0.15815 1
keyframe: 6 0.67182 0.16607 0.72185 0 -0.65422 0.59003 0.47312 0 -0.34734 -0.79011 0.50504 0 -0.08501 0.47964 0.14652 1
keyframe: 7 0.61097 -0.02392 0.79128 0 -0.63806 0.57677 0.5101 0 -0.46859 -0.81655 0.33713 0 -0.09044 0.46753 0.12613 1
keyframe: 8 0.52733 -0.28898 0.799 0 -0.5818 0.56251 0.58743 0 -0.61921 -0.77463 0.12849 0 -0.10182 0.45797 0.10496 1
keyframe: 9 0.46237 -0.48878 0.73979 0 -0.54589 0.50054 0.67189 0 -0.69871 -0.71452 -0.03539 0 -0.11463 0.44979 0.08553 1
keyframe: 10 0.47465 -0.57292 0.66817 0 -0.53216 0.41786 0.73633 0 -0.70107 -0.70508 -0.10654 0 -0.12545 0.4503 0.06694 1
keyframe: 11 0.46625 -0.61546 0.63546 0 -0.56491 0.34565 0.74926 0 -0.68079 -0.70832 -0.18652 0 -0.13157 0.45828 0.044 1
keyframe: 12 0.44136 -0.59188 0.67443 0 -0.65635 0.29956 0.69243 0 -0.61188 -0.74828 -0.25626 0 -0.13123 0.4741 0.01564 1
keyframe: 13 0.37903 -0.57913 0.72175 0 -0.74432 0.27262 0.60963 0 -0.54982 -0.76829 -0.32773 0 -0.12498 0.49158 -0.00929 1
keyframe: 14 0.30296 -0.56225 0.76947 0 -0.8118 0.27067 0.51741 0 -0.49919 -0.78141 -0.37443 0 -0.11849 0.50749 -0.029 1
keyframe: 15 0.20049 -0.5529 0.80876 0 -0.8577 0.29987 0.41763 0 -0.47344 -0.77741 -0.4141 0 -0.11275 0.51829 -0.0456 1
keyframe: 16 0.08075 -0.50387 0.85999 0 -0.90225 0.32971 0.27789 0 -0.42357 -0.79837 -0.42799 0 -0.1032 0.51571 -0.05888 1
keyframe: 17 0.00172 -0.45668 0.88962 0 -0.9281 0.33048 0.17145 0 -0.37231 -0.82596 -0.42327 0 -0.09553 0.50335 -0.06423 1
keyframe: 18 0.07862 -0.46248 0.88313 0 -0.92487 0.29677 0.23775 0 -0.37204 -0.83548 -0.40441 0 -0.09922 0.48532 -0.05472 1
keyframe: 19 0.21872 -0.48344 0.8476 0 -0.86132 0.31254 0.40052 0 -0.45855 -0.81767 -0.34804 0 -0.10803 0.46348 -0.02528 1
keyframe: 20 0.32478 -0.41562 0.84957 0 -0.78013 0.3901 0.48908 0 -0.53469 -0.82162 -0.19754 0 -0.11091 0.45137 0.01252 1
keyframe: 21 0.44103 -0.29619 0.8472 0 -0.71502 0.45455 0.53114 0 -0.54242 -0.84002 -0.01131 0 -0.10535 0.45139 0.04608 1

#Bone: R_hand 
globalBindposeInverse: 0 -1 0 0 0.99999 0 0 0 0 0 0.99999 0 -0.58262 -0.33352 -0.00115 1
keyframe: 0 -0.71502 0.45455 0.53114 0 0.44103 -0.29619 0.8472 0 0.54242 0.84002 0.01131 0 -0.03574 0.40464 0.17978 1
keyframe: 1 -0.68128 0.51158 0.52357 0 0.51489 -0.1735 0.83951 0 0.52032 0.84153 -0.14521 0 -0.01294 0.43361 0.21782 1
keyframe: 2 -0.66291 0.55435 0.50322 0 0.57207 -0.05856 0.81811 0 0.48299 0.83021 -0.2783 0 0.00248 0.46576 0.24369 1
keyframe: 3 -0.638 0.59072 0.49395 0 0.64044 0.05091 0.76631 0 0.42752 0.80526 -0.4108 0 0.01396 0.49284 0.25762 1
keyframe: 4 -0.63604 0.61142 0.47074 0 0.68214 0.16032 0.71342 0 0.36073 0.77488 -0.51905 0 0.02214 0.51566 0.26597 1
keyframe: 5 -0.64666 0.61074 0.45696 0 0.69014 0.21333 0.69151 0 0.32484 0.76255 -0.55945 0 0.02501 0.52304 0.26728 1
keyframe: 6 -0.65422 0.59003 0.47312 0 0.67182 0.16607 0.72185 0 0.34734 0.79011 -0.50504 0 0.02101 0.50585 0.26044 1
keyframe: 7 -0.63806 0.57677 0.5101 0 0.61097 -0.02392 0.79128 0 0.46859 0.81655 -0.33713 0 0.00597 0.46376 0.25101 1
keyframe: 8 -0.5818 0.56251 0.58743 0 0.52733 -0.28898 0.799 0 0.61921 0.77463 -0.12849 0 -0.0186 0.41236 0.23105 1
keyframe: 9 -0.54589 0.50054 0.67189 0 0.46237 -0.48878 0.73979 0 0.69871 0.71452 0.03539 0 -0.04166 0.37265 0.20228 1
keyframe: 10 -0.53216 0.41787 0.73633 0 0.47465 -0.57292 0.66817 0 0.70107 0.70508 0.10654 0 -0.05054 0.35989 0.17238 1
keyframe: 11 -0.56491 0.34565 0.74926 0 0.46625 -0.61546 0.63546 0 0.68079 0.70832 0.18652 0 -0.05799 0.36115 0.14429 1
keyframe: 12 -0.65635 0.29956 0.69243 0 0.44136 -0.59188 0.67443 0 0.61188 0.74828 0.25626 0 -0.06158 0.38069 0.12207 1
keyframe: 13 -0.74432 0.27262 0.60963 0 0.37903 -0.57913 0.72175 0 0.54982 0.76829 0.32773 0 -0.06516 0.40018 0.1046 1
keyframe: 14 -0.8118 0.27067 0.51741 0 0.30296 -0.56225 0.76947 0 0.49919 0.78141 0.37443 0 -0.07068 0.41876 0.09242 1
keyframe: 15 -0.8577 0.29987 0.41763 0 0.20049 -0.5529 0.80876 0 0.47344 0.77741 0.4141 0 -0.08111 0.43103 0.08203 1
keyframe: 16 -0.90225 0.32971 0.27789 0 0.08075 -0.50387 0.85999 0 0.42357 0.79837 0.42799 0 -0.09045 0.43619 0.07683 1
keyframe: 17 -0.9281 0.33048 0.17145 0 0.00172 -0.45668 0.88962 0 0.37231 0.82596 0.42327 0 -0.09526 0.43127 0.07616 1
keyframe: 18 -0.92487 0.29677 0.23775 0 0.07861 -0.46248 0.88313 0 0.37204 0.83548 0.40441 0 -0.08681 0.41233 0.08464 1
keyframe: 19 -0.86132 0.31254 0.40052 0 0.21872 -0.48344 0.8476 0 0.45855 0.81767 0.34804 0 -0.07351 0.38718 0.10848 1
keyframe: 20 -0.78013 0.3901 0.48908 0 0.32478 -0.41562 0.84957 0 0.53469 0.82162 0.19754 0 -0.05966 0.38578 0.1466 1
keyframe: 21 -0.71502 0.45455 0.53114 0 0.44103 -0.29619 0.8472 0 0.54242 0.84002 0.01131 0 -0.03574 0.40464 0.17978 1

#Bone: R_leg 
globalBindposeInverse: 0.03624 0.99934 0 0 -0.99934 0.03624 0 0 0 0 1 0 0.37402 0.03564 -0.00115 1
keyframe: 0 0.10471 -0.98138 0.16101 0 0.98649 0.123 0.10816 0 -0.12595 0.14751 0.981 0 -0.04962 0.34712 -0.00908 1
keyframe: 1 0.07835 -0.99477 -0.06548 0 0.97226 0.06173 0.22557 0 -0.22035 -0.08134 0.97202 0 -0.04913 0.35301 -0.01361 1
keyframe: 2 0.05983 -0.9572 -0.28316 0 0.9356 -0.04509 0.35014 0 -0.34793 -0.28588 0.89286 0 -0.04754 0.35747 -0.016 1
keyframe: 3 0.04617 -0.91051 -0.41089 0 0.91502 -0.12646 0.38306 0 -0.40074 -0.39366 0.8273 0 -0.04574 0.3598 -0.01524 1
keyframe: 4 0.03524 -0.90496 -0.42401 0 0.9463 -0.10621 0.30534 0 -0.32135 -0.412 0.85262 0 -0.04537 0.3613 -0.01187 1
keyframe: 5 0.03909 -0.91764 -0.39546 0 0.97381 -0.0537 0.22089 0 -0.22394 -0.39374 0.89152 0 -0.04738 0.36118 -0.00692 1
keyframe: 6 0.04708 -0.93458 -0.35261 0 0.9837 -0.01793 0.1789 0 -0.17352 -0.35529 0.9185 0 -0.04974 0.35677 -0.00308 1
keyframe: 7 0.03682 -0.95405 -0.29736 0 0.98717 -0.01152 0.15924 0 -0.15535 -0.29941 0.94139 0 -0.05042 0.3481 -0.00186 1
keyframe: 8 -0.00868 -0.97674 -0.21422 0 0.99104 -0.03696 0.12832 0 -0.13326 -0.21119 0.96831 0 -0.04834 0.33884 -0.00111 1
keyframe: 9 -0.06854 -0.99408 -0.08428 0 0.99231 -0.07665 0.09708 0 -0.10297 -0.07698 0.9917 0 -0.04479 0.32991 0.00016 1
keyframe: 10 -0.10767 -0.98665 0.12212 0 0.99126 -0.09713 0.08922 0 -0.07617 0.13066 0.98849 0 -0.042 0.32838 9e-05 1
keyframe: 11 -0.10031 -0.92723 0.36079 0 0.99396 -0.07721 0.07794 0 -0.04441 0.36643 0.92938 0 -0.04125 0.33455 -0.00209 1
keyframe: 12 -0.05914 -0.84357 0.53374 0 0.99824 -0.04814 0.03453 0 -0.00343 0.53484 0.84494 0 -0.04245 0.34907 -0.00406 1
keyframe: 13 -0.02727 -0.79909 0.60059 0 0.99932 -0.03647 -0.00313 0 0.02441 0.6001 0.79954 0 -0.04399 0.36403 -0.00427 1
keyframe: 14 0.00213 -0.80352 0.59526 0 0.99993 0.00843 0.0078 0 -0.01129 0.59521 0.80349 0 -0.04546 0.3725 -0.00474 1
keyframe: 15 0.02604 -0.82464 0.56505 0 0.9955 0.0729 0.06051 0 -0.0911 0.56093 0.82283 0 -0.04555 0.37059 -0.00569 1
keyframe: 16 0.05205 -0.84731 0.52854 0 0.98949 0.11525 0.08731 0 -0.1349 0.51844 0.8444 0 -0.0447 0.36143 -0.00602 1
keyframe: 17 0.0648 -0.84768 0.52653 0 0.98348 0.14362 0.11016 0 -0.169 0.51069 0.84298 0 -0.04492 0.35203 -0.00625 1
keyframe: 18 0.06852 -0.82687 0.5582 0 0.98269 0.15244 0.10518 0 -0.17207 0.54133 0.82301 0 -0.04722 0.34527 -0.00729 1
keyframe: 19 0.0863 -0.85084 0.51827 0 0.9887 0.13714 0.0605 0 -0.12255 0.50719 0.85307 0 -0.04975 0.34168 -0.00811 1
keyframe: 20 0.1008 -0.91955 0.3798 0 0.98891 0.13445 0.06306 0 -0.10905 0.36923 0.92291 0 -0.05104 0.34255 -0.00765 1
keyframe: 21 0.10471 -0.98138 0.16101 0 0.98649 0.123 0.10816 0 -0.12595 0.14751 0.981 0 -0.04962 0.34712 -0.00908 1

#Bone: L_leg 
globalBindposeInverse: -0.04682 -0.9989 0 0 -0.9989 0.04682 0 0 0 0 -0.99999 0 0.37178 0.03604 0.00115 1
keyframe: 0 -0.00459 -0.7879 0.61578 0 -0.99998 0.00411 -0.0022 0 -0.00079 -0.61578 -0.78791 0 0.05158 0.33114 -0.0032 1
keyframe: 1 -0.00116 -0.60445 0.79663 0 -0.99981 -0.01473 -0.01264 0 0.01938 -0.79649 -0.60432 0 0.05235 0.34018 -0.00523 1
keyframe: 2 -0.0209 -0.52173 0.85285 0 -0.9993 -0.01543 -0.03393 0 0.03086 -0.85296 -0.52104 0 0.05409 0.34884 -0.00461 1
keyframe: 3 -0.04777 -0.5266 0.84876 0 -0.99791 -0.0117 -0.06342 0 0.04333 -0.85002 -0.52495 0 0.05615 0.35571 -0.00367 1
keyframe: 4 -0.06645 -0.57898 0.81262 0 -0.99684 0.0031 -0.0793 0 0.04339 -0.81533 -0.57736 0 0.05693 0.35984 -0.00381 1
keyframe: 5 -0.06289 -0.6932 0.71799 0 -0.99797 0.0504 -0.03874 0 -0.00933 -0.71897 -0.69497 0 0.05518 0.35898 -0.00412 1
keyframe: 6 -0.05392 -0.83797 0.54304 0 -0.99681 0.0772 0.02015 0 -0.05881 -0.54022 -0.83946 0 0.05275 0.35201 -0.00515 1
keyframe: 7 -0.05547 -0.87925 0.4731 0 -0.98978 0.11074 0.08975 0 -0.13131 -0.46329 -0.87641 0 0.05183 0.343 -0.00898 1
keyframe: 8 -0.04198 -0.82466 0.56406 0 -0.98876 0.11535 0.09504 0 -0.14344 -0.55373 -0.82024 0 0.05345 0.33714 -0.01413 1
keyframe: 9 -0.05847 -0.84674 0.52877 0 -0.98976 0.11825 0.07991 0 -0.13019 -0.51869 -0.84499 0 0.05621 0.33287 -0.01783 1
keyframe: 10 -0.07802 -0.91435 0.39731 0 -0.98928 0.12032 0.08262 0 -0.12336 -0.38661 -0.91395 0 0.05868 0.33321 -0.0192 1
keyframe: 11 -0.08802 -0.97671 0.19563 0 -0.98731 0.11159 0.1129 0 -0.13211 -0.18321 -0.97415 0 0.05997 0.33665 -0.01896 1
keyframe: 12 -0.08237 -0.99657 -0.00738 0 -0.98484 0.08026 0.15376 0 -0.15264 0.01994 -0.98807 0 0.0593 0.34527 -0.01692 1
keyframe: 13 -0.06809 -0.99225 -0.10384 0 -0.99218 0.05644 0.1113 0 -0.10457 0.11061 -0.98834 0 0.05781 0.35415 -0.01272 1
keyframe: 14 -0.08032 -0.98809 -0.13121 0 -0.99156 0.06577 0.11169 0 -0.10173 0.13907 -0.98504 0 0.05618 0.3587 -0.00826 1
keyframe: 15 -0.10461 -0.97978 -0.17051 0 -0.99061 0.08749 0.10499 0 -0.08795 0.1799 -0.97974 0 0.05604 0.35607 -0.00456 1
keyframe: 16 -0.12798 -0.97084 -0.20268 0 -0.99122 0.1184 0.05878 0 -0.03306 0.20842 -0.97747 0 0.05703 0.34848 -0.00201 1
keyframe: 17 -0.13304 -0.97111 -0.19808 0 -0.99085 0.12581 0.04873 0 -0.0224 0.20275 -0.97897 0 0.05687 0.33994 -0.0012 1
keyframe: 18 -0.09267 -0.98335 -0.15631 0 -0.9937 0.08141 0.07695 0 -0.06294 0.16246 -0.9847 0 0.0542 0.33093 -0.00105 1
keyframe: 19 -0.03317 -0.99886 -0.03405 0 -0.99682 0.0306 0.07357 0 -0.07244 0.03638 -0.9967 0 0.05103 0.32398 -0.00012 1
keyframe: 20 0.01722 -0.9695 0.24446 0 -0.99768 -0.00058 0.06797 0 -0.06575 -0.24507 -0.96727 0 0.04956 0.32415 0.00091 1
keyframe: 21 -0.00459 -0.7879 0.61578 0 -0.99998 0.00411 -0.0022 0 -0.00079 -0.61578 -0.78791 0 0.05158 0.33114 -0.0032 1

#Bone: R_leg2 
globalBindposeInverse: 0.05906 0.99825 0 0 -0.99823 0.05906 0.00671 0 0.0067 -0.00039 0.99997 0 0.19466 0.0312 -0.00115 1
keyframe: 0 0.09475 -0.85161 -0.51553 0 0.99547 0.08507 0.04243 0 0.00772 -0.51722 0.85581 0 -0.03076 0.17036 0.01991 1
keyframe: 1 0.11346 -0.83725 -0.53491 0 0.99211 0.06663 0.10614 0 -0.05322 -0.54273 0.83821 0 -0.03501 0.17383 -0.0254 1
keyframe: 2 0.11634 -0.84104 -0.5283 0 0.97267 -0.01113 0.23191 0 -0.20093 -0.54085 0.81676 0 -0.03676 0.18506 -0.067 1
keyframe: 3 0.11489 -0.80187 -0.58634 0 0.95735 -0.06813 0.28077 0 -0.26509 -0.59359 0.75984 0 -0.03742 0.1958 -0.08925 1
keyframe: 4 0.12536 -0.66075 -0.74005 0 0.96084 -0.10493 0.25645 0 -0.24711 -0.74322 0.62172 0 -0.03902 0.1983 -0.08825 1
keyframe: 5 0.09143 -0.43672 -0.89493 0 0.98294 -0.10439 0.15137 0 -0.15953 -0.89351 0.41973 0 -0.04034 0.19589 -0.07815 1
keyframe: 6 0.06292 -0.1534 -0.98615 0 0.99534 -0.06264 0.07325 0 -0.07301 -0.98617 0.14874 0 -0.04126 0.18843 -0.06659 1
keyframe: 7 0.0601 0.12618 -0.99018 0 0.99784 -0.03378 0.05626 0 -0.02635 -0.99143 -0.12794 0 -0.04379 0.17626 -0.05542 1
keyframe: 8 0.08166 0.31975 -0.94397 0 0.99574 -0.06686 0.06349 0 -0.04281 -0.94513 -0.32385 0 -0.0499 0.16291 -0.0397 1
keyframe: 9 0.10791 0.39383 -0.91282 0 0.99112 -0.11426 0.06787 0 -0.07757 -0.91205 -0.40267 0 -0.05714 0.15086 -0.01501 1
keyframe: 10 0.10716 0.28887 -0.95135 0 0.98843 -0.13424 0.07058 0 -0.10732 -0.9479 -0.29991 0 -0.0614 0.15066 0.02208 1
keyframe: 11 0.07052 -0.00446 -0.99749 0 0.98954 -0.12576 0.07053 0 -0.12576 -0.99205 -0.00444 0 -0.05932 0.16753 0.06289 1
keyframe: 12 0.02331 -0.42079 -0.90685 0 0.99487 -0.07954 0.06249 0 -0.09842 -0.90366 0.41678 0 -0.0531 0.19713 0.09207 1
keyframe: 13 -0.00407 -0.77159 -0.6361 0 0.9997 -0.01825 0.01573 0 -0.02374 -0.63585 0.77144 0 -0.04891 0.2201 0.1039 1
keyframe: 14 0.00708 -0.9588 -0.28399 0 0.99955 0.01502 -0.02577 0 0.02897 -0.28368 0.95848 0 -0.04507 0.22777 0.10247 1
keyframe: 15 0.03139 -0.99825 0.04995 0 0.99916 0.03003 -0.02771 0 0.02616 0.05078 0.99836 0 -0.04086 0.22206 0.09607 1
keyframe: 16 0.04636 -0.95973 0.27705 0 0.99839 0.05354 0.01841 0 -0.0325 0.27575 0.96067 0 -0.03532 0.20881 0.08917 1
keyframe: 17 0.07287 -0.96542 0.25027 0 0.99685 0.07836 0.01203 0 -0.03122 0.2486 0.9681 0 -0.03325 0.19934 0.08858 1
keyframe: 18 0.10469 -0.99445 0.00948 0 0.99448 0.10462 -0.00689 0 0.00586 0.01015 0.99993 0 -0.03488 0.19634 0.09324 1
keyframe: 19 0.11716 -0.95897 -0.25813 0 0.9925 0.12215 -0.00333 0 0.03472 -0.2558 0.9661 0 -0.0342 0.18842 0.08523 1
keyframe: 20 0.11054 -0.89057 -0.44118 0 0.99366 0.10817 0.03062 0 0.02045 -0.44177 0.89689 0 -0.03289 0.17692 0.06076 1
keyframe: 21 0.09475 -0.85161 -0.51553 0 0.99547 0.08507 0.04243 0 0.00772 -0.51722 0.85581 0 -0.03076 0.17035 0.01991 1

#Bone: L_leg2 
globalBindposeInverse: -0.03612 -0.99934 0 0 -0.99932 0.03612 -0.00671 0 0.0067 -0.00024 -0.99997 0 0.19212 0.0381 0.00115 1
keyframe: 0 0.00607 0.21104 -0.97745 0 -0.99997 -0.00132 -0.0065 0 -0.00266 0.97747 0.21103 0 0.05076 0.1899 0.10718 1
keyframe: 1 0.01771 -0.21635 -0.97615 0 -0.99659 0.0748 -0.03466 0 0.08051 0.97344 -0.21428 0 0.05214 0.23182 0.13757 1
keyframe: 2 0.0267 -0.59208 -0.80543 0 -0.99569 0.05579 -0.07402 0 0.08876 0.80393 -0.58804 0 0.05034 0.25531 0.14826 1
keyframe: 3 0.0207 -0.84421 -0.5356 0 -0.9954 0.03266 -0.08996 0 0.09345 0.535 -0.83966 0 0.04759 0.2613 0.14847 1
keyframe: 4 -0.00581 -0.98103 -0.19374 0 -0.99271 0.02897 -0.11692 0 0.12032 0.19165 -0.97405 0 0.04502 0.25604 0.14186 1
keyframe: 5 -0.06144 -0.98679 0.14984 0 -0.99534 0.0494 -0.08279 0 0.07429 -0.15423 -0.98523 0 0.04391 0.23471 0.12458 1
keyframe: 6 -0.08779 -0.90473 0.41682 0 -0.99604 0.07397 -0.04921 0 0.01369 -0.4195 -0.90765 0 0.04309 0.20179 0.09219 1
keyframe: 7 -0.09816 -0.9386 0.33072 0 -0.99374 0.11025 0.01795 0 -0.05331 -0.32688 -0.94355 0 0.04188 0.18538 0.07582 1
keyframe: 8 -0.13402 -0.98917 -0.05981 0 -0.99064 0.13216 0.03412 0 -0.02584 0.06382 -0.99762 0 0.04592 0.18931 0.08698 1
keyframe: 9 -0.13358 -0.93578 -0.32627 0 -0.99103 0.12647 0.04302 0 0.001 0.3291 -0.94429 0 0.04572 0.18108 0.07695 1
keyframe: 10 -0.1276 -0.8595 -0.49494 0 -0.99159 0.12129 0.04502 0 0.02133 0.49652 -0.86775 0 0.04469 0.1693 0.05201 1
keyframe: 11 -0.12265 -0.80685 -0.57787 0 -0.99218 0.11305 0.05274 0 0.02277 0.57983 -0.81441 0 0.04419 0.16156 0.0161 1
keyframe: 12 -0.11841 -0.78376 -0.60966 0 -0.99284 0.08397 0.08488 0 -0.01533 0.61535 -0.78809 0 0.04453 0.16662 -0.01825 1
keyframe: 13 -0.08419 -0.74069 -0.66654 0 -0.99322 0.00864 0.11585 0 -0.08004 0.67178 -0.73641 0 0.0456 0.17627 -0.03134 1
keyframe: 14 -0.06015 -0.5857 -0.80828 0 -0.99459 -0.03345 0.09826 0 -0.08459 0.80983 -0.58052 0 0.04178 0.18157 -0.03179 1
keyframe: 15 -0.02184 -0.34532 -0.93822 0 -0.99902 0.04349 0.00724 0 0.0383 0.93747 -0.34593 0 0.03729 0.18043 -0.03513 1
keyframe: 16 0.03447 -0.04205 -0.99852 0 -0.99003 0.13507 -0.03987 0 0.13655 0.98994 -0.03697 0 0.03409 0.17444 -0.03835 1
keyframe: 17 0.06082 0.27199 -0.96037 0 -0.99525 0.08977 -0.0376 0 0.07599 0.9581 0.27616 0 0.03302 0.16586 -0.03671 1
keyframe: 18 0.03762 0.51326 -0.8574 0 -0.99694 0.07805 0.00298 0 0.06845 0.85467 0.51463 0 0.03759 0.15465 -0.02907 1
keyframe: 19 0.00234 0.63528 -0.77227 0 -0.99953 0.02493 0.01746 0 0.03035 0.77187 0.63504 0 0.04508 0.14492 -0.00622 1
keyframe: 20 -0.02702 0.57871 -0.81508 0 -0.99929 -0.03682 0.00698 0 -0.02597 0.81469 0.5793 0 0.05264 0.15035 0.04474 1
keyframe: 21 0.00607 0.21104 -0.97745 0 -0.99997 -0.00132 -0.0065 0 -0.00266 0.97747 0.21102 0 0.05076 0.1899 0.10718 1

#Bone: R_foot 
globalBindposeInverse: 0 -0.99999 0 0 0.99997 0 0.00671 0 -0.00671 0 0.99997 0 -0.03486 -0.03332 -0.00115 1
keyframe: 0 -0.08263 0.85258 0.51601 0 -0.99655 -0.07453 -0.03642 0 0.00741 -0.51724 0.8558 0 -0.0158 0.03589 -0.06148 1
keyframe: 1 -0.10137 0.838 0.53615 0 -0.9934 -0.05626 -0.09988 0 -0.05353 -0.54274 0.83818 0 -0.0171 0.04164 -0.10986 1
keyframe: 2 -0.10448 0.84085 0.53108 0 -0.97395 0.02153 -0.22572 0 -0.20123 -0.54083 0.81669 0 -0.01839 0.05227 -0.15041 1
keyframe: 3 -0.10323 0.80099 0.5897 0 -0.95859 0.07807 -0.27385 0 -0.26539 -0.59356 0.75976 0 -0.01928 0.06919 -0.18182 1
keyframe: 4 -0.11365 0.65943 0.74311 0 -0.96222 0.1132 -0.24762 0 -0.24741 -0.74318 0.62165 0 -0.01922 0.09397 -0.2051 1
keyframe: 5 -0.07946 0.43543 0.8967 0 -0.98393 0.10998 -0.1406 0 -0.15984 -0.89347 0.41969 0 -0.02591 0.12694 -0.21945 1
keyframe: 6 -0.0508 0.15263 0.98697 0 -0.99601 0.06482 -0.06129 0 -0.07333 -0.98615 0.14873 0 -0.03133 0.16421 -0.2223 1
keyframe: 7 -0.04795 -0.12658 0.99079 0 -0.99849 0.03256 -0.04416 0 -0.02667 -0.99142 -0.12795 0 -0.0343 0.19618 -0.21176 1
keyframe: 8 -0.06953 -0.32054 0.94467 0 -0.99664 0.06326 -0.05189 0 -0.04312 -0.94511 -0.32386 0 -0.03701 0.2134 -0.18874 1
keyframe: 9 -0.09584 -0.39519 0.91358 0 -0.99234 0.10975 -0.05662 0 -0.07788 -0.91201 -0.40268 0 -0.0401 0.21304 -0.15914 1
