#KeyframeAnimationInfo
Keyframe_Length: 25
BoneCount: 16
WeightVertexCount: 637

#Bone: hip 
globalBindposeInverse: 0 -1 0 0 0.99999 0 0 0 0 0 0.99999 0 -0.40047 0.00205 -0.00115 1
keyframe: 0 -0.14679 0.97705 0.15433 0 -0.96538 -0.1075 -0.23763 0 -0.21559 -0.18388 0.95901 0 0.00079 0.37646 -0.00556 1
keyframe: 1 -0.12151 0.97578 0.18184 0 -0.97205 -0.07992 -0.22071 0 -0.20084 -0.20358 0.95823 0 0.00411 0.38227 -0.00924 1
keyframe: 2 -0.09165 0.97494 0.2027 0 -0.97982 -0.05199 -0.19296 0 -0.17758 -0.2163 0.96003 0 0.00695 0.39084 -0.0114 1
keyframe: 3 -0.06772 0.97307 0.22031 0 -0.98699 -0.03308 -0.15729 0 -0.14576 -0.2281 0.96266 0 0.0076 0.3997 -0.01146 1
keyframe: 4 -0.06903 0.96878 0.23808 0 -0.98966 -0.03644 -0.13866 0 -0.12566 -0.24519 0.96129 0 0.00788 0.40632 -0.00963 1
keyframe: 5 -0.07331 0.96952 0.23375 0 -0.99052 -0.04349 -0.13029 0 -0.11615 -0.24108 0.96352 0 0.00866 0.40898 -0.00762 1
keyframe: 6 -0.07583 0.97441 0.21156 0 -0.99121 -0.05061 -0.12216 0 -0.10832 -0.21896 0.96969 0 0.00875 0.40779 -0.00573 1
keyframe: 7 -0.07711 0.97888 0.1893 0 -0.99166 -0.05565 -0.11616 0 -0.10317 -0.19669 0.97502 0 0.00892 0.40524 -0.0051 1
keyframe: 8 -0.06989 0.98254 0.17241 0 -0.99302 -0.05207 -0.10575 0 -0.09492 -0.1786 0.97933 0 0.00989 0.40201 -0.00635 1
keyframe: 9 -0.0635 0.98774 0.14258 0 -0.99392 -0.04972 -0.09822 0 -0.08992 -0.14795 0.98489 0 0.00975 0.39659 -0.00721 1
keyframe: 10 -0.05032 0.99227 0.11339 0 -0.99397 -0.03869 -0.10252 0 -0.09734 -0.11786 0.98824 0 0.01156 0.39097 -0.0104 1
keyframe: 11 -0.05275 0.99366 0.09925 0 -0.99121 -0.04002 -0.12607 0 -0.1213 -0.10502 0.98704 0 0.01497 0.38881 -0.01367 1
keyframe: 12 -0.07376 0.99273 0.09508 0 -0.984 -0.05694 -0.1688 0 -0.16216 -0.10601 0.98105 0 0.01687 0.39151 -0.01515 1
keyframe: 13 -0.09288 0.99218 0.08334 0 -0.97217 -0.07229 -0.2228 0 -0.21503 -0.10172 0.97129 0 0.01695 0.39771 -0.01521 1
keyframe: 14 -0.11674 0.99044 0.07338 0 -0.96114 -0.09406 -0.2595 0 -0.25012 -0.10082 0.96294 0 0.01491 0.40513 -0.01262 1
keyframe: 15 -0.13569 0.98746 0.08067 0 -0.95249 -0.10761 -0.2849 0 -0.27265 -0.1155 0.95515 0 0.01119 0.4105 -0.00792 1
keyframe: 16 -0.12024 0.9881 0.09587 0 -0.95292 -0.0878 -0.29019 0 -0.27832 -0.12625 0.95215 0 0.00681 0.41147 -0.00266 1
keyframe: 17 -0.08299 0.99138 0.10131 0 -0.95935 -0.05197 -0.27736 0 -0.2697 -0.12022 0.9554 0 0.00169 0.40957 0.00136 1
keyframe: 18 -0.05906 0.99384 0.09371 0 -0.96535 -0.03296 -0.25883 0 -0.25415 -0.10575 0.96136 0 -0.00306 0.4066 0.00464 1
keyframe: 19 -0.05252 0.99537 0.08043 0 -0.96935 -0.03146 -0.24364 0 -0.23998 -0.09076 0.96652 0 -0.0058 0.40214 0.00603 1
keyframe: 20 -0.04626 0.9961 0.07512 0 -0.97029 -0.02693 -0.2404 0 -0.23744 -0.08401 0.96776 0 -0.0065 0.39664 0.00594 1
keyframe: 21 -0.05116 0.99515 0.0839 0 -0.96838 -0.02889 -0.24777 0 -0.24415 -0.09392 0.96517 0 -0.00532 0.38755 0.00387 1
keyframe: 22 -0.10212 0.99147 0.08096 0 -0.96312 -0.07818 -0.25744 0 -0.24891 -0.10426 0.96289 0 -0.00324 0.37992 -0.00045 1
keyframe: 23 -0.14242 0.98402 0.10678 0 -0.96017 -0.11115 -0.25634 0 -0.24037 -0.13904 0.96066 0 -0.00176 0.37473 -0.00427 1
keyframe: 24 -0.14679 0.97705 0.15433 0 -0.96538 -0.1075 -0.23763 0 -0.21559 -0.18388 0.95901 0 0.00079 0.37646 -0.00556 1

#Bone: spine 
globalBindposeInverse: 0 -1 0 0 0.99999 0 0 0 0 0 0.99999 0 -0.46025 0.00205 -0.00115 1
keyframe: 0 -0.12951 0.96648 0.22167 0 -0.97628 -0.08517 -0.19904 0 -0.17348 -0.24219 0.95459 0 -0.00797 0.43487 0.00365 1
keyframe: 1 -0.11719 0.96479 0.23546 0 -0.97768 -0.07045 -0.19791 0 -0.17435 -0.2534 0.95151 0 -0.00314 0.4406 0.00162 1
keyframe: 2 -0.10272 0.96477 0.2422 0 -0.97948 -0.05567 -0.19365 0 -0.17334 -0.25713 0.9507 0 0.00147 0.44912 0.00071 1
keyframe: 3 -0.09073 0.96362 0.25138 0 -0.98131 -0.04351 -0.1874 0 -0.16965 -0.26368 0.94957 0 0.00355 0.45786 0.0017 1
keyframe: 4 -0.09489 0.96031 0.26226 0 -0.98099 -0.04542 -0.18864 0 -0.16924 -0.27518 0.94637 0 0.00376 0.46423 0.00459 1
keyframe: 5 -0.10138 0.96078 0.25807 0 -0.98083 -0.05314 -0.18747 0 -0.1664 -0.27213 0.94775 0 0.00427 0.46693 0.00634 1
keyframe: 6 -0.10465 0.96501 0.24041 0 -0.98146 -0.06118 -0.18163 0 -0.16056 -0.25496 0.95352 0 0.00422 0.46603 0.00691 1
keyframe: 7 -0.10521 0.96918 0.22275 0 -0.98252 -0.06673 -0.17373 0 -0.15351 -0.23713 0.95926 0 0.00431 0.46375 0.00621 1
keyframe: 8 -0.09875 0.97284 0.20931 0 -0.98483 -0.06538 -0.16071 0 -0.14266 -0.22201 0.96454 0 0.00571 0.46074 0.00395 1
keyframe: 9 -0.0918 0.97743 0.19024 0 -0.98782 -0.06529 -0.14123 0 -0.12562 -0.20089 0.97152 0 0.00595 0.45563 0.0013 1
keyframe: 10 -0.08508 0.98048 0.1772 0 -0.99056 -0.06407 -0.12112 0 -0.10741 -0.18584 0.97669 0 0.00856 0.45029 -0.00363 1
keyframe: 11 -0.08927 0.98096 0.17246 0 -0.99103 -0.07021 -0.11365 0 -0.09937 -0.18106 0.97843 0 0.01181 0.44821 -0.00773 1
keyframe: 12 -0.10284 0.98033 0.16843 0 -0.98806 -0.08116 -0.13089 0 -0.11464 -0.17988 0.97698 0 0.01246 0.45085 -0.00947 1
keyframe: 13 -0.1114 0.98141 0.15624 0 -0.98399 -0.08692 -0.15555 0 -0.13908 -0.17107 0.97539 0 0.0114 0.45702 -0.01023 1
keyframe: 14 -0.12066 0.9818 0.14661 0 -0.98139 -0.09576 -0.16638 0 -0.14931 -0.16396 0.97509 0 0.00793 0.46434 -0.00823 1
keyframe: 15 -0.1267 0.98031 0.15144 0 -0.97993 -0.10002 -0.17237 0 -0.15383 -0.17025 0.97331 0 0.00308 0.46953 -0.0031 1
keyframe: 16 -0.11407 0.98067 0.15892 0 -0.98147 -0.08645 -0.17099 0 -0.15395 -0.17548 0.97236 0 -0.00037 0.47054 0.00306 1
keyframe: 17 -0.08825 0.98324 0.15952 0 -0.9847 -0.06196 -0.16283 0 -0.15022 -0.17145 0.97367 0 -0.00326 0.46883 0.00742 1
keyframe: 18 -0.07212 0.98546 0.15383 0 -0.98754 -0.04892 -0.14955 0 -0.13985 -0.1627 0.97671 0 -0.00659 0.46601 0.01025 1
keyframe: 19 -0.06696 0.98677 0.14764 0 -0.98915 -0.04626 -0.13941 0 -0.13073 -0.15537 0.97916 0 -0.00894 0.46164 0.01084 1
keyframe: 20 -0.06187 0.98726 0.14652 0 -0.98863 -0.04047 -0.14475 0 -0.13698 -0.15381 0.97855 0 -0.00926 0.45618 0.01043 1
keyframe: 21 -0.06195 0.98597 0.15497 0 -0.98558 -0.03595 -0.16529 0 -0.1574 -0.16297 0.97399 0 -0.00837 0.44704 0.00888 1
keyframe: 22 -0.10067 0.98166 0.16188 0 -0.98001 -0.06978 -0.18628 0 -0.17157 -0.1774 0.96906 0 -0.00934 0.43918 0.00438 1
keyframe: 23 -0.12897 0.97363 0.18814 0 -0.97611 -0.0912 -0.19717 0 -0.17481 -0.20908 0.96214 0 -0.01027 0.43355 0.00211 1
keyframe: 24 -0.12951 0.96648 0.22167 0 -0.97628 -0.08517 -0.19904 0 -0.17348 -0.24219 0.95459 0 -0.00797 0.43487 0.00365 1

#Bone: upper 
globalBindposeInverse: 0 -1 0 0 0.99999 0 0 0 0 0 0.99999 0 -0.58494 0.00205 -0.00115 1
keyframe: 0 -0.05768 0.93289 0.35551 0 -0.99427 -0.0216 -0.10463 0 -0.08993 -0.35951 0.92879 0 -0.02412 0.55538 0.03129 1
keyframe: 1 -0.07797 0.9354 0.34486 0 -0.98929 -0.02981 -0.14281 0 -0.12331 -0.35231 0.92772 0 -0.01776 0.56091 0.03098 1
keyframe: 2 -0.10353 0.94041 0.32388 0 -0.98046 -0.04174 -0.19219 0 -0.16722 -0.33745 0.92636 0 -0.01133 0.56942 0.03091 1
keyframe: 3 -0.12557 0.94141 0.313 0 -0.9677 -0.04672 -0.2477 0 -0.21857 -0.334 0.91687 0 -0.00775 0.57802 0.03305 1
keyframe: 4 -0.14189 0.94093 0.30742 0 -0.95617 -0.04993 -0.2885 0 -0.25611 -0.33488 0.90678 0 -0.00807 0.58398 0.03729 1
keyframe: 5 -0.15546 0.94052 0.30207 0 -0.95174 -0.0607 -0.30082 0 -0.26459 -0.33427 0.90457 0 -0.00836 0.58674 0.03852 1
keyframe: 6 -0.16248 0.94233 0.29259 0 -0.95153 -0.07116 -0.29919 0 -0.26111 -0.32703 0.90822 0 -0.00882 0.58636 0.03689 1
keyframe: 7 -0.16487 0.94467 0.28357 0 -0.95405 -0.07981 -0.28879 0 -0.25018 -0.31816 0.91442 0 -0.0088 0.5846 0.03398 1
keyframe: 8 -0.16316 0.9471 0.27636 0 -0.95824 -0.08545 -0.27289 0 -0.23483 -0.30934 0.92149 0 -0.00659 0.58205 0.03005 1
keyframe: 9 -0.16248 0.9467 0.27812 0 -0.96747 -0.09746 -0.23342 0 -0.19387 -0.307 0.93175 0 -0.00549 0.57751 0.02502 1
keyframe: 10 -0.17278 0.93907 0.29714 0 -0.97708 -0.12534 -0.17202 0 -0.12429 -0.32005 0.9392 0 -0.00204 0.57255 0.01846 1
keyframe: 11 -0.17886 0.93261 0.31344 0 -0.98253 -0.1527 -0.10633 0 -0.0513 -0.32698 0.94363 0 0.00068 0.57053 0.01376 1
keyframe: 12 -0.17201 0.93441 0.31188 0 -0.98499 -0.15857 -0.06814 0 -0.01422 -0.31892 0.94767 0 -0.00036 0.57309 0.01152 1
keyframe: 13 -0.1473 0.94249 0.30001 0 -0.98891 -0.14613 -0.02648 0 0.01888 -0.30058 0.95356 0 -0.00248 0.5794 0.00924 1
keyframe: 14 -0.11328 0.95054 0.28918 0 -0.99192 -0.12489 0.02193 0 0.05697 -0.28436 0.95702 0 -0.0071 0.58676 0.01004 1
keyframe: 15 -0.08381 0.95476 0.2853 0 -0.99273 -0.10479 0.05906 0 0.08628 -0.27828 0.95661 0 -0.01271 0.59177 0.01578 1
keyframe: 16 -0.0732 0.95744 0.27918 0 -0.99269 -0.09687 0.07192 0 0.0959 -0.27187 0.95754 0 -0.01459 0.59282 0.02288 1
keyframe: 17 -0.07304 0.9588 0.27451 0 -0.99346 -0.09414 0.06447 0 0.08766 -0.26801 0.95941 0 -0.01427 0.59144 0.02731 1
keyframe: 18 -0.07168 0.95876 0.27502 0 -0.99367 -0.09254 0.06361 0 0.08644 -0.26872 0.95933 0 -0.01558 0.58889 0.02943 1
keyframe: 19 -0.06623 0.95685 0.2829 0 -0.99404 -0.08786 0.06444 0 0.08652 -0.27695 0.95697 0 -0.01729 0.58469 0.02925 1
keyframe: 20 -0.06213 0.95491 0.29031 0 -0.9959 -0.07846 0.04493 0 0.06569 -0.28633 0.95587 0 -0.01698 0.57929 0.0287 1
keyframe: 21 -0.04932 0.95338 0.29769 0 -0.99855 -0.05339 0.00554 0 0.02118 -0.29699 0.95464 0 -0.0161 0.56999 0.02821 1
keyframe: 22 -0.05818 0.94506 0.32166 0 -0.99823 -0.05116 -0.03024 0 -0.01212 -0.32285 0.94636 0 -0.02189 0.56159 0.02457 1
keyframe: 23 -0.05879 0.93577 0.34767 0 -0.99741 -0.04067 -0.05918 0 -0.04124 -0.35025 0.93574 0 -0.02636 0.55496 0.02557 1
keyframe: 24 -0.05768 0.93289 0.35551 0 -0.99427 -0.0216 -0.10463 0 -0.08993 -0.35951 0.92879 0 -0.02412 0.55538 0.03129 1

#Bone: head 
globalBindposeInverse: 0 -1 0 0 0.99999 0 0 0 0 0 0.99999 0 -0.63789 0.00205 -0.00115 1
keyframe: 0 -0.12565 0.94206 0.311 0 -0.9355 -0.00816 -0.35322 0 -0.33022 -0.33532 0.88233 0 -0.02718 0.60478 0.05012 1
keyframe: 1 -0.1441 0.94267 0.301 0 -0.9222 -0.01762 -0.38628 0 -0.35883 -0.33325 0.87188 0 -0.02189 0.61044 0.04924 1
keyframe: 2 -0.16792 0.94529 0.27967 0 -0.90266 -0.03341 -0.42904 0 -0.39623 -0.32449 0.85889 0 -0.01681 0.61921 0.04806 1
keyframe: 3 -0.18856 0.94602 0.26358 0 -0.87773 -0.04195 -0.4773 0 -0.44048 -0.32136 0.83827 0 -0.0144 0.62787 0.04962 1
keyframe: 4 -0.20396 0.94643 0.25033 0 -0.85711 -0.04908 -0.51278 0 -0.47302 -0.31915 0.8212 0 -0.01558 0.6338 0.05357 1
keyframe: 5 -0.21812 0.94566 0.24112 0 -0.84973 -0.06252 -0.52348 0 -0.47996 -0.31907 0.8172 0 -0.01659 0.63654 0.05452 1
keyframe: 6 -0.22898 0.94541 0.23186 0 -0.84887 -0.07735 -0.52291 0 -0.47643 -0.31655 0.82024 0 -0.01742 0.63626 0.05238 1
keyframe: 7 -0.23522 0.94523 0.22629 0 -0.85295 -0.08913 -0.51432 0 -0.46598 -0.31399 0.8272 0 -0.01753 0.63462 0.049 1
keyframe: 8 -0.23754 0.94588 0.22105 0 -0.85962 -0.09873 -0.50128 0 -0.45233 -0.3091 0.83656 0 -0.01523 0.6322 0.04468 1
keyframe: 9 -0.23906 0.94457 0.22498 0 -0.87725 -0.11077 -0.46706 0 -0.41625 -0.30902 0.85512 0 -0.01409 0.62764 0.03975 1
keyframe: 10 -0.25001 0.93588 0.24821 0 -0.90148 -0.13146 -0.41235 0 -0.35328 -0.32685 0.87655 0 -0.01119 0.62227 0.0342 1
keyframe: 11 -0.25754 0.92776 0.27002 0 -0.92295 -0.15347 -0.35298 0 -0.28604 -0.34013 0.89581 0 -0.00878 0.61991 0.03036 1
keyframe: 12 -0.25484 0.92756 0.27326 0 -0.93379 -0.16267 -0.31869 0 -0.25115 -0.33639 0.90761 0 -0.00946 0.62257 0.02804 1
keyframe: 13 -0.23473 0.93479 0.26657 0 -0.9467 -0.15761 -0.28091 0 -0.22058 -0.3183 0.92196 0 -0.01028 0.6293 0.02513 1
keyframe: 14 -0.20265 0.94412 0.25993 0 -0.96148 -0.14151 -0.23562 0 -0.18567 -0.29767 0.93643 0 -0.0131 0.6371 0.02535 1
keyframe: 15 -0.17429 0.95087 0.25583 0 -0.9718 -0.12421 -0.20039 0 -0.15877 -0.28355 0.94572 0 -0.01715 0.64232 0.03088 1
keyframe: 16 -0.16244 0.95491 0.24851 0 -0.97522 -0.11704 -0.18772 0 -0.15016 -0.27284 0.95026 0 -0.01847 0.64352 0.03766 1
keyframe: 17 -0.16257 0.95575 0.24517 0 -0.97383 -0.11543 -0.19578 0 -0.15881 -0.27058 0.9495 0 -0.01814 0.6422 0.04184 1
keyframe: 18 -0.16049 0.95486 0.24993 0 -0.97389 -0.11202 -0.19742 0 -0.16051 -0.27509 0.94792 0 -0.01938 0.63966 0.04399 1
keyframe: 19 -0.15291 0.95325 0.26063 0 -0.97503 -0.10255 -0.19694 0 -0.161 -0.28424 0.94513 0 -0.0208 0.63535 0.04423 1
keyframe: 20 -0.14698 0.95227 0.26751 0 -0.97232 -0.08945 -0.2158 0 -0.18157 -0.29183 0.93907 0 -0.02027 0.62985 0.04407 1
keyframe: 21 -0.13478 0.95278 0.27207 0 -0.96505 -0.06395 -0.25411 0 -0.22472 -0.29682 0.92811 0 -0.01871 0.62047 0.04397 1
keyframe: 22 -0.13474 0.94667 0.29264 0 -0.95739 -0.04826 -0.2847 0 -0.2554 -0.31854 0.91285 0 -0.02498 0.61163 0.0416 1
keyframe: 23 -0.12981 0.94129 0.31161 0 -0.95012 -0.02821 -0.31058 0 -0.28356 -0.33639 0.89801 0 -0.02947 0.60451 0.04398 1
keyframe: 24 -0.12566 0.94206 0.31099 0 -0.93551 -0.0082 -0.35318 0 -0.33016 -0.33532 0.88235 0 -0.02718 0.60478 0.05012 1

#Bone: L_arm 
globalBindposeInverse: 0.99983 0.01801 0 0 -0.01801 0.99983 0 0 0 0 1 0 -0.0589 -0.58577 -0.00115 1
keyframe: 0 0.54927 -0.76804 -0.32925 0 0.68527 0.18852 0.70345 0 -0.47821 -0.61202 0.62987 0 0.0429 0.55653 0.03823 1
keyframe: 1 0.50001 -0.8414 -0.20499 0 0.53955 0.11751 0.8337 0 -0.67739 -0.52746 0.51274 0 0.04893 0.56261 0.04049 1
keyframe: 2 0.44954 -0.89039 -0.07144 0 0.35999 0.10739 0.92675 0 -0.8175 -0.44234 0.36881 0 0.05477 0.57192 0.04376 1
keyframe: 3 0.40311 -0.91423 0.04096 0 0.20301 0.13298 0.9701 0 -0.89234 -0.38274 0.2392 0 0.0575 0.58086 0.04964 1
keyframe: 4 0.35759 -0.92192 0.1489 0 0.08615 0.19133 0.97773 0 -0.92989 -0.3368 0.14784 0 0.05641 0.58703 0.05664 1
keyframe: 5 0.31205 -0.9182 0.24398 0 0.02753 0.26544 0.96373 0 -0.94966 -0.29402 0.10811 0 0.05582 0.59052 0.05869 1
keyframe: 6 0.27416 -0.91414 0.2986 0 0.02883 0.31817 0.94759 0 -0.96125 -0.25118 0.11358 0 0.05535 0.59085 0.05695 1
keyframe: 7 0.25353 -0.91821 0.30431 0 0.08134 0.33371 0.93915 0 -0.96389 -0.21335 0.1593 0 0.05554 0.58967 0.05335 1
keyframe: 8 0.27031 -0.92544 0.26549 0 0.16098 0.31532 0.93523 0 -0.94921 -0.21006 0.23421 0 0.05803 0.5875 0.04835 1
keyframe: 9 0.32144 -0.92873 0.18473 0 0.29261 0.28295 0.9134 0 -0.90058 -0.23955 0.36271 0 0.05976 0.58377 0.04066 1
keyframe: 10 0.38679 -0.91835 0.08375 0 0.49048 0.28178 0.82463 0 -0.7809 -0.27788 0.55943 0 0.06385 0.58069 0.02996 1
keyframe: 11 0.44833 -0.89299 -0.03939 0 0.6921 0.31891 0.64752 0 -0.56567 -0.31757 0.76102 0 0.06696 0.58051 0.02083 1
keyframe: 12 0.48881 -0.84596 -0.21309 0 0.80649 0.34507 0.4801 0 -0.33261 -0.40653 0.85093 0 0.06607 0.58347 0.01601 1
keyframe: 13 0.4958 -0.7675 -0.40634 0 0.8553 0.35051 0.38155 0 -0.15041 -0.53673 0.83023 0 0.06421 0.58894 0.01093 1
keyframe: 14 0.47582 -0.65677 -0.58501 0 0.87929 0.33955 0.33397 0 -0.0207 -0.67331 0.73906 0 0.05978 0.59487 0.00847 1
keyframe: 15 0.44972 -0.53414 -0.71584 0 0.89089 0.32536 0.31692 0 0.06362 -0.78026 0.62219 0 0.05421 0.59852 0.0117 1
keyframe: 16 0.43706 -0.41868 -0.79604 0 0.89272 0.30977 0.32722 0 0.10958 -0.85366 0.50915 0 0.05233 0.59904 0.01794 1
keyframe: 17 0.44545 -0.32134 -0.83565 0 0.88709 0.28456 0.36344 0 0.121 -0.90319 0.41181 0 0.0527 0.59746 0.02287 1
keyframe: 18 0.47764 -0.2706 -0.83584 0 0.87287 0.25415 0.41651 0 0.09972 -0.92853 0.3576 0 0.0514 0.59481 0.02505 1
keyframe: 19 0.52566 -0.27411 -0.80531 0 0.84846 0.23731 0.47305 0 0.06143 -0.93195 0.35732 0 0.04971 0.59029 0.02481 1
keyframe: 20 0.57672 -0.30781 -0.75672 0 0.81682 0.2327 0.52786 0 0.0136 -0.92254 0.38563 0 0.05015 0.58426 0.02558 1
keyframe: 21 0.61951 -0.37382 -0.69025 0 0.78362 0.24278 0.57183 0 -0.04618 -0.89515 0.44334 0 0.0512 0.57327 0.02773 1
keyframe: 22 0.63897 -0.49002 -0.59294 0 0.75646 0.26045 0.59994 0 -0.13955 -0.83189 0.5371 0 0.04539 0.56473 0.0265 1
keyframe: 23 0.61575 -0.64776 -0.44859 0 0.73708 0.27233 0.6185 0 -0.27847 -0.71149 0.64515 0 0.04087 0.55739 0.02944 1
keyframe: 24 0.54927 -0.76804 -0.32925 0 0.68527 0.18852 0.70345 0 -0.47821 -0.61202 0.62987 0 0.0429 0.55653 0.03823 1

#Bone: L_arm2 
globalBindposeInverse: 0.99968 -0.02514 0 0 0.02514 0.99968 0 0 0 0 1 0 -0.19422 -0.57792 -0.00115 1
keyframe: 0 -0.21763 -0.85114 0.47769 0 0.72663 0.18547 0.66151 0 -0.65163 0.49108 0.5781 0 0.10342 0.4719 0.00195 1
keyframe: 1 -0.49158 -0.73955 0.45978 0 0.59126 0.10417 0.79971 0 -0.63933 0.66498 0.38606 0 0.10403 0.46989 0.01791 1
keyframe: 2 -0.70593 -0.59628 0.38222 0 0.4189 0.08365 0.90417 0 -0.57111 0.7984 0.19073 0 0.10431 0.47381 0.03589 1
keyframe: 3 -0.84361 -0.45723 0.28152 0 0.26549 0.10052 0.95885 0 -0.46672 0.88364 0.03658 0 0.10192 0.48012 0.05415 1
keyframe: 4 -0.91897 -0.34329 0.19399 0 0.14926 0.15251 0.97696 0 -0.36497 0.92676 -0.08892 0 0.09581 0.48545 0.07304 1
keyframe: 5 -0.95662 -0.25213 0.14591 0 0.08951 0.22223 0.97087 0 -0.27721 0.94182 -0.19002 0 0.09021 0.48934 0.08558 1
keyframe: 6 -0.96649 -0.20873 0.14936 0 0.08901 0.27321 0.95782 0 -0.24073 0.93903 -0.24548 0 0.08556 0.49012 0.08986 1
keyframe: 7 -0.95826 -0.20128 0.20298 0 0.14006 0.28842 0.9472 0 -0.2492 0.9361 -0.24819 0 0.08348 0.48849 0.08688 1
keyframe: 8 -0.92615 -0.24393 0.28764 0 0.21937 0.27194 0.93697 0 -0.30678 0.93088 -0.19834 0 0.08782 0.48552 0.07761 1
keyframe: 9 -0.84098 -0.3429 0.41853 0 0.35025 0.24455 0.90416 0 -0.41239 0.90697 -0.08556 0 0.09518 0.48143 0.06102 1
keyframe: 10 -0.64471 -0.48643 0.58968 0 0.54291 0.25166 0.80119 0 -0.53813 0.83668 0.10183 0 0.10647 0.47949 0.03919 1
keyframe: 11 -0.32564 -0.63511 0.70041 0 0.73287 0.29848 0.61139 0 -0.59736 0.71241 0.36826 0 0.11636 0.48211 0.01648 1
keyframe: 12 -0.05032 -0.74443 0.66579 0 0.83617 0.33313 0.43568 0 -0.54614 0.57864 0.60571 0 0.11994 0.49025 -0.00746 1
keyframe: 13 0.10856 -0.81673 0.56671 0 0.87772 0.34638 0.33107 0 -0.46669 0.46147 0.75447 0 0.11884 0.50436 -0.03384 1
keyframe: 14 0.19413 -0.87144 0.45043 0 0.89659 0.34393 0.27897 0 -0.39803 0.3497 0.8481 0 0.11221 0.5225 -0.05599 1
keyframe: 15 0.24304 -0.9094 0.33751 0 0.9045 0.33817 0.25982 0 -0.35041 0.24213 0.90475 0 0.10377 0.53966 -0.06717 1
keyframe: 16 0.26257 -0.93012 0.25675 0 0.90485 0.32976 0.26923 0 -0.33508 0.16163 0.92821 0 0.10049 0.5529 -0.06977 1
keyframe: 17 0.25382 -0.94391 0.21118 0 0.90032 0.31036 0.30511 0 -0.35354 0.11269 0.9286 0 0.10179 0.56205 -0.0692 1
keyframe: 18 0.22511 -0.95456 0.19528 0 0.88945 0.28314 0.35875 0 -0.39774 0.09293 0.91277 0 0.10403 0.56499 -0.06704 1
keyframe: 19 0.19485 -0.95887 0.20636 0 0.86926 0.26628 0.41648 0 -0.45431 0.09823 0.8854 0 0.10763 0.56009 -0.06392 1
keyframe: 20 0.15779 -0.95672 0.24451 0 0.84233 0.25963 0.47229 0 -0.51534 0.13143 0.84684 0 0.1137 0.55034 -0.0578 1
keyframe: 21 0.11603 -0.94591 0.30295 0 0.81352 0.2655 0.51738 0 -0.56983 0.18642 0.80033 0 0.11947 0.53208 -0.04832 1
keyframe: 22 0.07106 -0.92821 0.3652 0 0.78938 0.27615 0.54828 0 -0.60977 0.24932 0.75233 0 0.1158 0.51073 -0.03883 1
keyframe: 23 0.01342 -0.90586 0.42335 0 0.77105 0.27894 0.57242 0 -0.63662 0.31874 0.70221 0 0.10872 0.48601 -0.01998 1
keyframe: 24 -0.21763 -0.85114 0.47769 0 0.72663 0.18547 0.66151 0 -0.65163 0.49108 0.5781 0 0.10342 0.4719 0.00195 1

#Bone: L_hand 
globalBindposeInverse: 0 -1 0 0 0.99999 0 0 0 0 0 0.99999 0 -0.58659 0.33744 -0.00115 1
keyframe: 0 0.72093 0.164 0.67331 0 0.23584 0.85553 -0.4609 0 -0.65163 0.49108 0.5781 0 0.06906 0.33754 0.07736 1
keyframe: 1 0.57871 0.08553 0.81102 0 0.5063 0.74193 -0.43952 0 -0.63933 0.66498 0.38606 0 0.02643 0.35315 0.09049 1
keyframe: 2 0.40101 0.06862 0.91349 0 0.71624 0.59819 -0.35936 0 -0.57111 0.7984 0.19073 0 -0.00712 0.37968 0.09622 1
keyframe: 3 0.24419 0.08899 0.96563 0 0.85002 0.45961 -0.25731 0 -0.46672 0.88364 0.03658 0 -0.03125 0.40794 0.09859 1
keyframe: 4 0.1261 0.14383 0.98153 0 0.92243 0.34702 -0.16936 0 -0.36497 0.92676 -0.08892 0 -0.04924 0.43125 0.10367 1
keyframe: 5 0.06542 0.21582 0.97423 0 0.95857 0.25764 -0.12144 0 -0.27721 0.94182 -0.19002 0 -0.06079 0.44954 0.10861 1
keyframe: 6 0.06468 0.26788 0.96127 0 0.96843 0.21553 -0.12522 0 -0.24073 0.93903 -0.24548 0 -0.067 0.45717 0.11344 1
keyframe: 7 0.11591 0.28326 0.952 0 0.96148 0.20847 -0.1791 0 -0.2492 0.9361 -0.24819 0 -0.06778 0.45672 0.11893 1
keyframe: 8 0.19601 0.26572 0.94391 0 0.93137 0.2507 -0.26398 0 -0.30678 0.93088 -0.19834 0 -0.05838 0.44702 0.12301 1
keyframe: 9 0.32899 0.23585 0.9144 0 0.84952 0.34894 -0.39565 0 -0.41239 0.90697 -0.08556 0 -0.03757 0.4273 0.12709 1
keyframe: 10 0.52653 0.23935 0.81576 0 0.65816 0.49261 -0.56934 0 -0.53813 0.83668 0.10183 0 0.0047 0.40271 0.13227 1
keyframe: 11 0.72445 0.28241 0.62881 0 0.34397 0.64242 -0.68481 0 -0.59736 0.71241 0.36826 0 0.06495 0.38185 0.12705 1
keyframe: 12 0.83464 0.31431 0.45229 0 0.07133 0.75258 -0.65462 0 -0.54614 0.57864 0.60571 0 0.11199 0.37274 0.09764 1
keyframe: 13 0.88018 0.32574 0.34521 0 -0.08645 0.82518 -0.5582 0 -0.46669 0.46147 0.75447 0 0.13598 0.37543 0.05562 1
keyframe: 14 0.90119 0.3219 0.29021 0 -0.17152 0.87981 -0.44328 0 -0.39803 0.3497 0.8481 0 0.14285 0.38493 0.01511 1
keyframe: 15 0.91033 0.31519 0.26822 0 -0.22022 0.91761 -0.33087 0 -0.35041 0.24213 0.90475 0 0.14214 0.3961 -0.01389 1
keyframe: 16 0.91117 0.30626 0.2756 0 -0.23973 0.93812 -0.2499 0 -0.33508 0.16163 0.92821 0 0.14194 0.40607 -0.02924 1
keyframe: 17 0.90641 0.28653 0.31032 0 -0.2311 0.95142 -0.20344 0 -0.35354 0.11269 0.9286 0 0.14185 0.41305 -0.03586 1
keyframe: 18 0.89483 0.25905 0.36355 0 -0.20267 0.96138 -0.18619 0 -0.39774 0.09293 0.91277 0 0.13957 0.4143 -0.03621 1
keyframe: 19 0.87389 0.24208 0.42154 0 -0.17293 0.96526 -0.19582 0 -0.45431 0.09823 0.8854 0 0.1384 0.40872 -0.03134 1
keyframe: 20 0.84603 0.23549 0.47829 0 -0.13655 0.96294 -0.23256 0 -0.51534 0.13143 0.84684 0 0.13861 0.39931 -0.0192 1
keyframe: 21 0.81618 0.24163 0.52483 0 -0.09554 0.95229 -0.28984 0 -0.56983 0.18642 0.80033 0 0.13779 0.38276 -0.00049 1
keyframe: 22 0.79092 0.25272 0.55729 0 -0.05118 0.93486 -0.3513 0 -0.60977 0.24932 0.75233 0 0.12702 0.3642 0.01882 1
keyframe: 23 0.77114 0.25607 0.58288 0 0.00597 0.91259 -0.40882 0 -0.63662 0.31874 0.70221 0 0.11084 0.34301 0.04684 1
keyframe: 24 0.72093 0.164 0.67331 0 0.23584 0.85553 -0.46091 0 -0.65163 0.49108 0.5781 0 0.06906 0.33754 0.07736 1

#Bone: R_arm 
globalBindposeInverse: -0.99995 -0.00925 0 0 -0.00925 0.99995 0 0 0 0 -1 0 -0.0631 -0.58423 0.00115 1
keyframe: 0 -0.38208 -0.90279 -0.19739 0 -0.67198 0.12479 0.72997 0 -0.63438 0.41156 -0.65435 0 -0.09422 0.55263 0.02344 1
keyframe: 1 -0.38212 -0.83588 -0.39406 0 -0.78651 0.07029 0.61356 0 -0.48516 0.54439 -0.68429 0 -0.08747 0.55757 0.02045 1
keyframe: 2 -0.35065 -0.75656 -0.55194 0 -0.86981 0.04468 0.49134 0 -0.34707 0.65238 -0.67374 0 -0.08039 0.56523 0.01692 1
keyframe: 3 -0.30789 -0.68088 -0.66452 0 -0.92408 0.04779 0.37919 0 -0.22642 0.73082 -0.64391 0 -0.07588 0.57348 0.01515 1
keyframe: 4 -0.2639 -0.61156 -0.74588 0 -0.95946 0.08714 0.26802 0 -0.09891 0.78638 -0.60977 0 -0.07536 0.57921 0.01653 1
keyframe: 5 -0.22661 -0.54794 -0.80523 0 -0.97396 0.13214 0.18417 0 0.00548 0.826 -0.56363 0 -0.07532 0.58121 0.01689 1
keyframe: 6 -0.20288 -0.49873 -0.84267 0 -0.97404 0.19102 0.12145 0 0.10039 0.84544 -0.52454 0 -0.07576 0.5801 0.01538 1
keyframe: 7 -0.2083 -0.48523 -0.8492 0 -0.96155 0.26045 0.08703 0 0.17895 0.83469 -0.52083 0 -0.07592 0.57772 0.01323 1
keyframe: 8 -0.2523 -0.51841 -0.81705 0 -0.93977 0.33247 0.07924 0 0.23056 0.78784 -0.57108 0 -0.07401 0.57477 0.01043 1
keyframe: 9 -0.34183 -0.57384 -0.74421 0 -0.90877 0.40351 0.10628 0 0.23931 0.71265 -0.65943 0 -0.07355 0.56938 0.00818 1
keyframe: 10 -0.43452 -0.65443 -0.61879 0 -0.87884 0.45837 0.13236 0 0.19701 0.60134 -0.77431 0 -0.07077 0.56246 0.00593 1
keyframe: 11 -0.50269 -0.76117 -0.40977 0 -0.85986 0.48911 0.14629 0 0.08906 0.42589 -0.90037 0 -0.06842 0.55852 0.00584 1
keyframe: 12 -0.5141 -0.84017 -0.17265 0 -0.85393 0.48243 0.19506 0 -0.08059 0.24772 -0.96547 0 -0.06965 0.56067 0.0063 1
keyframe: 13 -0.46977 -0.8825 0.02243 0 -0.83792 0.45375 0.30329 0 -0.27783 0.12367 -0.95263 0 -0.07208 0.56784 0.00698 1
keyframe: 14 -0.40054 -0.90272 0.157 0 -0.7938 0.42745 0.43261 0 -0.45764 0.04865 -0.8878 0 -0.07696 0.5767 0.01121 1
keyframe: 15 -0.32296 -0.91425 0.24458 0 -0.72765 0.40512 0.55352 0 -0.60515 0.00079 -0.7961 0 -0.08266 0.58311 0.01957 1
keyframe: 16 -0.26497 -0.9196 0.29004 0 -0.65141 0.39248 0.64931 0 -0.71094 -0.01688 -0.70304 0 -0.08455 0.58472 0.02758 1
keyframe: 17 -0.22749 -0.92876 0.29266 0 -0.5962 0.37047 0.71224 0 -0.76992 -0.01245 -0.638 0 -0.08429 0.58352 0.0315 1
keyframe: 18 -0.20833 -0.94597 0.24844 0 -0.56871 0.32383 0.7561 0 -0.79571 0.01623 -0.60545 0 -0.08562 0.58109 0.03355 1
keyframe: 19 -0.2125 -0.96058 0.17921 0 -0.55083 0.26924 0.78999 0 -0.8071 0.06915 -0.58634 0 -0.08736 0.57722 0.03342 1
keyframe: 20 -0.22788 -0.96696 0.11425 0 -0.53205 0.22193 0.8171 0 -0.81546 0.12541 -0.56505 0 -0.08718 0.57249 0.03149 1
keyframe: 21 -0.24854 -0.96665 0.06173 0 -0.52863 0.18877 0.82758 0 -0.81164 0.17305 -0.55792 0 -0.08651 0.56496 0.0282 1
keyframe: 22 -0.28734 -0.95781 -0.00431 0 -0.54299 0.15918 0.8245 0 -0.78904 0.23925 -0.56583 0 -0.09227 0.55673 0.02201 1
keyframe: 23 -0.33778 -0.93775 -0.08078 0 -0.59846 0.14773 0.78741 0 -0.72646 0.31431 -0.61111 0 -0.09667 0.55085 0.02093 1
keyframe: 24 -0.38208 -0.90279 -0.19739 0 -0.67198 0.12479 0.72997 0 -0.63438 0.41155 -0.65435 0 -0.09422 0.55263 0.02344 1

#Bone: R_arm2 
globalBindposeInverse: -1 0 0 0 0 0.99999 0 0 0 0 -0.99999 0 -0.17571 -0.58262 0.00115 1
keyframe: 0 0.50963 -0.59837 0.61824 0 -0.71765 0.10074 0.68907 0 -0.4746 -0.79485 -0.37808 0 -0.13518 0.45584 0.00228 1
keyframe: 1 0.38025 -0.68176 0.62498 0 -0.826 0.05367 0.5611 0 -0.41608 -0.7296 -0.54272 0 -0.12844 0.46796 -0.02179 1
keyframe: 2 0.26564 -0.74057 0.61723 0 -0.90206 0.03496 0.43017 0 -0.34015 -0.67106 -0.65876 0 -0.11798 0.48412 -0.04224 1
keyframe: 3 0.16292 -0.77936 0.60501 0 -0.94904 0.04385 0.31206 0 -0.26974 -0.62503 -0.73251 0 -0.10889 0.50049 -0.05608 1
keyframe: 4 0.04625 -0.80587 0.59027 0 -0.97646 0.08812 0.19682 0 -0.21063 -0.58549 -0.78283 0 -0.10365 0.51365 -0.06343 1
keyframe: 5 -0.05054 -0.82084 0.56891 0 -0.98436 0.13718 0.11047 0 -0.16872 -0.55443 -0.81494 0 -0.09962 0.52247 -0.06942 1
keyframe: 6 -0.14244 -0.82783 0.54258 0 -0.97886 0.19907 0.04675 0 -0.14671 -0.52446 -0.83869 0 -0.09751 0.52663 -0.07495 1
keyframe: 7 -0.22403 -0.82608 0.51709 0 -0.96293 0.26939 0.01318 0 -0.15019 -0.49497 -0.85582 0 -0.09825 0.5257 -0.0778 1
keyframe: 8 -0.28923 -0.81328 0.50488 0 -0.94058 0.33946 0.008 0 -0.1779 -0.47257 -0.86315 0 -0.10105 0.51919 -0.07716 1
keyframe: 9 -0.32871 -0.78708 0.52195 0 -0.9127 0.40679 0.03863 0 -0.24273 -0.46369 -0.85209 0 -0.1102 0.50786 -0.07159 1
keyframe: 10 -0.3358 -0.74223 0.57993 0 -0.88746 0.45563 0.06928 0 -0.31566 -0.4914 -0.81171 0 -0.11736 0.49231 -0.0604 1
keyframe: 11 -0.30021 -0.67625 0.67271 0 -0.87364 0.47804 0.09068 0 -0.3829 -0.56049 -0.73432 0 -0.12231 0.47692 -0.03808 1
keyframe: 12 -0.17544 -0.58323 0.79313 0 -0.87418 0.46282 0.14696 0 -0.45279 -0.66755 -0.59105 0 -0.12476 0.47059 -0.0122 1
keyframe: 13 0.02739 -0.4824 0.87552 0 -0.86547 0.42682 0.26225 0 -0.5002 -0.76492 -0.40581 0 -0.12244 0.47323 0.00939 1
keyframe: 14 0.24208 -0.38983 0.88849 0 -0.82781 0.39466 0.39871 0 -0.50608 -0.83202 -0.22716 0 -0.1199 0.47992 0.02804 1
keyframe: 15 0.43183 -0.31228 0.84616 0 -0.76634 0.36769 0.52679 0 -0.47564 -0.87594 -0.08053 0 -0.11728 0.4851 0.04579 1
keyframe: 16 0.58298 -0.23878 0.7766 0 -0.69392 0.35084 0.62879 0 -0.42261 -0.90547 0.03883 0 -0.11296 0.48614 0.05868 1
keyframe: 17 0.68491 -0.16682 0.70926 0 -0.64117 0.32437 0.69546 0 -0.34609 -0.9311 0.1152 0 -0.10867 0.48396 0.06287 1
keyframe: 18 0.74182 -0.11711 0.66029 0 -0.61496 0.27387 0.73946 0 -0.26743 -0.9546 0.13114 0 -0.10795 0.47968 0.06019 1
keyframe: 19 0.77233 -0.09947 0.62737 0 -0.59846 0.21713 0.77116 0 -0.21293 -0.97105 0.10816 0 -0.11014 0.47424 0.05264 1
keyframe: 20 0.7909 -0.11214 0.60157 0 -0.58125 0.16971 0.79582 0 -0.19135 -0.97909 0.06904 0 -0.11161 0.46883 0.04374 1
keyframe: 21 0.78741 -0.16075 0.59509 0 -0.5789 0.13881 0.80349 0 -0.21177 -0.97718 0.01624 0 -0.11315 0.46133 0.03482 1
keyframe: 22 0.74803 -0.28462 0.59952 0 -0.59395 0.11591 0.7961 0 -0.29608 -0.9516 -0.08234 0 -0.12307 0.45405 0.02155 1
keyframe: 23 0.63194 -0.47156 0.61503 0 -0.64726 0.11532 0.75348 0 -0.42624 -0.87425 -0.23234 0 -0.13288 0.45032 0.01227 1
keyframe: 24 0.50963 -0.59837 0.61824 0 -0.71765 0.10074 0.68907 0 -0.4746 -0.79486 -0.37808 0 -0.13518 0.45584 0.00228 1

#Bone: R_hand 
globalBindposeInverse: 0 -1 0 0 0.99999 0 0 0 0 0 0.99999 0 -0.58262 -0.33352 -0.00115 1
keyframe: 0 -0.71765 0.10074 0.68907 0 0.50963 -0.59837 0.61824 0 0.4746 0.79485 0.37808 0 -0.05475 0.36141 0.09985 1
keyframe: 1 -0.826 0.05367 0.5611 0 0.38025 -0.68176 0.62498 0 0.41608 0.7296 0.54272 0 -0.06843 0.36036 0.07683 1
keyframe: 2 -0.90206 0.03496 0.43017 0 0.26564 -0.74057 0.61723 0 0.34015 0.67106 0.65876 0 -0.07606 0.36725 0.05516 1
keyframe: 3 -0.94904 0.04385 0.31206 0 0.16292 -0.77936 0.60501 0 0.26974 0.62503 0.7325 0 -0.08318 0.37749 0.03939 1
keyframe: 4 -0.97646 0.08812 0.19682 0 0.04625 -0.80587 0.59027 0 0.21063 0.58549 0.78283 0 -0.09635 0.38647 0.02972 1
keyframe: 5 -0.98436 0.13718 0.11047 0 -0.05054 -0.82084 0.56891 0 0.16872 0.55443 0.81494 0 -0.10759 0.39293 0.02035 1
keyframe: 6 -0.97886 0.19907 0.04675 0 -0.14244 -0.82783 0.54258 0 0.14671 0.52446 0.83869 0 -0.11999 0.39599 0.01067 1
keyframe: 7 -0.96293 0.2694 0.01318 0 -0.22403 -0.82608 0.51709 0 0.15019 0.49497 0.85582 0 -0.1336 0.39534 0.00379 1
keyframe: 8 -0.94058 0.33946 0.008 0 -0.28923 -0.81328 0.50488 0 0.1779 0.47257 0.86314 0 -0.1467 0.39085 0.00251 1
keyframe: 9 -0.9127 0.40679 0.03863 0 -0.32871 -0.78708 0.52195 0 0.24273 0.46369 0.85209 0 -0.16208 0.38365 0.01077 1
keyframe: 10 -0.88746 0.45563 0.06928 0 -0.3358 -0.74223 0.57993 0 0.31566 0.4914 0.81171 0 -0.17035 0.37517 0.03111 1
keyframe: 11 -0.87364 0.47804 0.09068 0 -0.30021 -0.67625 0.67271 0 0.3829 0.56049 0.73432 0 -0.16968 0.3702 0.06808 1
keyframe: 12 -0.87418 0.46282 0.14696 0 -0.17544 -0.58323 0.79313 0 0.45279 0.66755 0.59105 0 -0.15245 0.37855 0.11296 1
keyframe: 13 -0.86547 0.42682 0.26225 0 0.02739 -0.4824 0.87552 0 0.5002 0.76492 0.40581 0 -0.11812 0.3971 0.14756 1
keyframe: 14 -0.82781 0.39466 0.39871 0 0.24208 -0.38983 0.88849 0 0.50608 0.83202 0.22716 0 -0.08169 0.4184 0.16826 1
keyframe: 15 -0.76634 0.36769 0.52679 0 0.43183 -0.31228 0.84616 0 0.47564 0.87594 0.08053 0 -0.04913 0.43582 0.17933 1
keyframe: 16 -0.69392 0.35084 0.62879 0 0.58298 -0.23878 0.7766 0 0.42261 0.90547 -0.03883 0 -0.02096 0.44845 0.18124 1
keyframe: 17 -0.64117 0.32437 0.69546 0 0.68491 -0.16682 0.70926 0 0.34609 0.9311 -0.1152 0 -0.00058 0.45763 0.1748 1
keyframe: 18 -0.61496 0.27387 0.73946 0 0.74182 -0.11711 0.66029 0 0.26744 0.9546 -0.13114 0 0.00911 0.4612 0.16439 1
keyframe: 19 -0.59846 0.21713 0.77116 0 0.77233 -0.09947 0.62737 0 0.21294 0.97105 -0.10816 0 0.01173 0.45855 0.15165 1
keyframe: 20 -0.58125 0.16971 0.79582 0 0.7909 -0.11214 0.60157 0 0.19135 0.97909 -0.06904 0 0.0132 0.45113 0.13868 1
keyframe: 21 -0.5789 0.13881 0.80349 0 0.78741 -0.16075 0.59509 0 0.21177 0.97718 -0.01624 0 0.0111 0.43596 0.12874 1
keyframe: 22 -0.59395 0.11591 0.7961 0 0.74803 -0.28462 0.59952 0 0.29608 0.9516 0.08234 0 -0.00502 0.40913 0.11616 1
keyframe: 23 -0.64726 0.11532 0.75348 0 0.63194 -0.47156 0.61503 0 0.42624 0.87425 0.23234 0 -0.03315 0.3759 0.10933 1
keyframe: 24 -0.71765 0.10074 0.68907 0 0.50963 -0.59837 0.61824 0 0.4746 0.79486 0.37808 0 -0.05475 0.36141 0.09985 1

#Bone: R_leg 
globalBindposeInverse: 0.03624 0.99934 0 0 -0.99934 0.03624 0 0 0 0 1 0 0.37402 0.03564 -0.00115 1
keyframe: 0 -0.13888 -0.94455 0.29752 0 0.87737 0.02196 0.4793 0 -0.45926 0.3276 0.82568 0 -0.04456 0.34361 -0.02206 1
keyframe: 1 -0.21169 -0.87248 0.44039 0 0.91251 -0.01508 0.40875 0 -0.34999 0.4884 0.79935 0 -0.04229 0.35087 -0.02564 1
keyframe: 2 -0.2377 -0.81818 0.52351 0 0.93736 -0.05193 0.34445 0 -0.25463 0.5726 0.77928 0 -0.04068 0.36089 -0.02696 1
keyframe: 3 -0.24327 -0.80046 0.54778 0 0.95071 -0.08485 0.29822 0 -0.19223 0.59333 0.78166 0 -0.04107 0.37076 -0.02569 1
keyframe: 4 -0.2424 -0.81662 0.52379 0 0.95572 -0.10817 0.27365 0 -0.16681 0.56693 0.80669 0 -0.04089 0.37734 -0.0234 1
keyframe: 5 -0.24066 -0.85202 0.4649 0 0.95476 -0.12162 0.27134 0 -0.17464 0.50918 0.84275 0 -0.04004 0.37961 -0.02084 1
keyframe: 6 -0.23004 -0.87825 0.41922 0 0.95665 -0.12503 0.26301 0 -0.17857 0.46156 0.86894 0 -0.03991 0.37792 -0.01791 1
keyframe: 7 -0.2044 -0.89276 0.40148 0 0.9616 -0.1064 0.25295 0 -0.1831 0.43777 0.88024 0 -0.03973 0.37499 -0.01635 1
keyframe: 8 -0.16245 -0.91057 0.38007 0 0.96918 -0.07496 0.23465 0 -0.18517 0.40648 0.89469 0 -0.03903 0.37184 -0.01659 1
keyframe: 9 -0.11711 -0.92225 0.3684 0 0.97207 -0.03048 0.23268 0 -0.20336 0.38537 0.90007 0 -0.03939 0.36639 -0.01624 1
keyframe: 10 -0.0598 -0.93009 0.3624 0 0.97599 0.02168 0.21672 0 -0.20943 0.36666 0.90647 0 -0.03795 0.36122 -0.01883 1
keyframe: 11 -0.00923 -0.95397 0.29975 0 0.96793 0.06672 0.24218 0 -0.25103 0.29237 0.92276 0 -0.03434 0.35895 -0.0229 1
keyframe: 12 0.05679 -0.9807 0.18708 0 0.95193 0.10968 0.28598 0 -0.30098 0.16184 0.93979 0 -0.03148 0.3608 -0.02646 1
keyframe: 13 0.14569 -0.98814 0.04831 0 0.92968 0.15344 0.33486 0 -0.33831 -0.00387 0.94102 0 -0.03025 0.36624 -0.02896 1
keyframe: 14 0.23998 -0.96645 -0.0915 0 0.90465 0.18845 0.3822 0 -0.35213 -0.1745 0.91953 0 -0.03106 0.37259 -0.02797 1
keyframe: 15 0.29466 -0.94081 -0.16746 0 0.87455 0.19487 0.44404 0 -0.38513 -0.27729 0.88021 0 -0.03381 0.37735 -0.02478 1
keyframe: 16 0.34028 -0.92187 -0.18533 0 0.85744 0.2233 0.4636 0 -0.386 -0.31667 0.86644 0 -0.03864 0.37932 -0.02021 1
keyframe: 17 0.39148 -0.89297 -0.22211 0 0.86109 0.27041 0.43056 0 -0.32442 -0.35982 0.8748 0 -0.04514 0.37916 -0.01568 1
keyframe: 18 0.39551 -0.89287 -0.21528 0 0.86678 0.28535 0.40896 0 -0.30372 -0.34835 0.88679 0 -0.05087 0.37709 -0.01123 1
keyframe: 19 0.35029 -0.91772 -0.18726 0 0.87036 0.24506 0.42708 0 -0.34605 -0.31259 0.8846 0 -0.054 0.37267 -0.0087 1
keyframe: 20 0.27668 -0.95014 -0.14376 0 0.86835 0.18312 0.46089 0 -0.41158 -0.25236 0.87573 0 -0.05492 0.36738 -0.00847 1
keyframe: 21 0.17344 -0.98224 -0.07155 0 0.86113 0.11599 0.49496 0 -0.47787 -0.14746 0.86596 0 -0.0535 0.35822 -0.01117 1
keyframe: 22 0.05841 -0.99777 0.03205 0 0.84624 0.06653 0.52862 0 -0.52958 -0.00375 0.84825 0 -0.04973 0.34816 -0.0159 1
keyframe: 23 -0.04565 -0.98516 0.16542 0 0.84951 0.04883 0.52529 0 -0.52557 0.16451 0.83468 0 -0.04697 0.34149 -0.02039 1
keyframe: 24 -0.13888 -0.94455 0.29752 0 0.87737 0.02196 0.4793 0 -0.45926 0.3276 0.82568 0 -0.04456 0.34361 -0.02206 1

#Bone: L_leg 
globalBindposeInverse: -0.04682 -0.9989 0 0 -0.9989 0.04682 0 0 0 0 -1 0 0.37178 0.03604 0.00115 1
keyframe: 0 -0.06704 -0.99264 0.10077 0 -0.97158 0.04197 -0.23293 0 0.22698 -0.11352 -0.96725 0 0.05489 0.35191 0.00188 1
keyframe: 1 0.02332 -0.99939 -0.02563 0 -0.98421 -0.01845 -0.17599 0 0.17541 0.02933 -0.98405 0 0.05777 0.35634 -0.0035 1
keyframe: 2 0.09297 -0.9819 -0.16495 0 -0.99043 -0.07423 -0.11632 0 0.10197 0.17418 -0.97941 0 0.06009 0.3635 -0.00773 1
keyframe: 3 0.1741 -0.94954 -0.26086 0 -0.98429 -0.17568 -0.01741 0 -0.02929 0.25979 -0.96521 0 0.06038 0.37144 -0.01016 1
keyframe: 4 0.23118 -0.92824 -0.29139 0 -0.96908 -0.24623 0.01553 0 -0.08617 0.27878 -0.95647 0 0.06084 0.37837 -0.00984 1
keyframe: 5 0.2668 -0.91362 -0.30676 0 -0.95978 -0.28072 0.0013 0 -0.0873 0.29408 -0.95178 0 0.06179 0.38137 -0.00813 1
keyframe: 6 0.29494 -0.90652 -0.30202 0 -0.95404 -0.29691 -0.04048 0 -0.05297 0.30008 -0.95243 0 0.06199 0.38039 -0.00597 1
keyframe: 7 0.32207 -0.91177 -0.25481 0 -0.94667 -0.30771 -0.09547 0 0.00864 0.27197 -0.96226 0 0.06222 0.37797 -0.00496 1
keyframe: 8 0.32878 -0.92948 -0.16722 0 -0.94158 -0.30896 -0.13396 0 0.07285 0.2015 -0.97677 0 0.06304 0.37444 -0.00622 1
keyframe: 9 0.30371 -0.95164 -0.04616 0 -0.93991 -0.29133 -0.17798 0 0.15592 0.09744 -0.98294 0 0.06275 0.36874 -0.00656 1
keyframe: 10 0.22548 -0.9675 0.11442 0 -0.94109 -0.24668 -0.23127 0 0.25198 -0.05553 -0.96613 0 0.06416 0.36242 -0.00863 1
keyframe: 11 0.11942 -0.95031 0.28748 0 -0.93905 -0.20213 -0.27807 0 0.32236 -0.23675 -0.91653 0 0.0675 0.36028 -0.01025 1
keyframe: 12 -0.0011 -0.90259 0.43049 0 -0.9424 -0.14304 -0.30232 0 0.33445 -0.40603 -0.85045 0 0.06968 0.36388 -0.00941 1
keyframe: 13 -0.11312 -0.85664 0.50334 0 -0.94136 -0.06965 -0.33011 0 0.31785 -0.51118 -0.79853 0 0.06974 0.37089 -0.00633 1
keyframe: 14 -0.20452 -0.8343 0.51195 0 -0.93252 0.00706 -0.36102 0 0.29759 -0.55125 -0.77945 0 0.06787 0.37948 -0.00155 1
keyframe: 15 -0.26683 -0.83934 0.4736 0 -0.92222 0.0797 -0.37835 0 0.27982 -0.53772 -0.79533 0 0.06429 0.38564 0.00422 1
keyframe: 16 -0.31137 -0.84525 0.43426 0 -0.91933 0.15225 -0.36283 0 0.24057 -0.51221 -0.82447 0 0.05945 0.38557 0.00928 1
keyframe: 17 -0.35881 -0.82803 0.43082 0 -0.91717 0.22705 -0.32747 0 0.17334 -0.51264 -0.84092 0 0.05352 0.38172 0.01249 1
keyframe: 18 -0.37677 -0.83423 0.4026 0 -0.9163 0.27198 -0.29394 0 0.13571 -0.47965 -0.86689 0 0.04833 0.3777 0.01505 1
keyframe: 19 -0.34298 -0.88982 0.30097 0 -0.92561 0.26557 -0.26964 0 0.16 -0.37106 -0.91471 0 0.04559 0.37312 0.01607 1
keyframe: 20 -0.28089 -0.94142 0.1866 0 -0.93884 0.22918 -0.25697 0 0.19915 -0.24737 -0.94823 0 0.04475 0.36736 0.01598 1
keyframe: 21 -0.23429 -0.94965 0.20798 0 -0.94942 0.1775 -0.25902 0 0.20906 -0.25815 -0.94321 0 0.04598 0.35841 0.01401 1
keyframe: 22 -0.19874 -0.95492 0.22051 0 -0.95157 0.13417 -0.27658 0 0.23453 -0.2648 -0.93534 0 0.04936 0.35342 0.01028 1
keyframe: 23 -0.13341 -0.96983 0.20399 0 -0.96448 0.0797 -0.25182 0 0.22797 -0.23034 -0.94602 0 0.05193 0.35015 0.0056 1
keyframe: 24 -0.06704 -0.99264 0.10077 0 -0.97158 0.04197 -0.23293 0 0.22698 -0.11352 -0.96725 0 0.05489 0.35191 0.00188 1

#Bone: R_leg2 
globalBindposeInverse: 0.05906 0.99825 0 0 -0.99823 0.05906 0.00671 0 0.0067 -0.00039 0.99997 0 0.19466 0.0312 -0.00115 1
keyframe: 0 0.48405 -0.24329 -0.84053 0 0.85856 -0.05344 0.5099 0 -0.16898 -0.96847 0.18301 0 -0.06957 0.17347 0.03152 1
keyframe: 1 0.36153 -0.46558 -0.80778 0 0.89675 -0.06348 0.43794 0 -0.25518 -0.88272 0.39456 0 -0.08042 0.19371 0.05368 1
keyframe: 2 0.21511 -0.68911 -0.69198 0 0.92517 -0.08308 0.37034 0 -0.3127 -0.71987 0.61967 0 -0.0835 0.21352 0.06733 1
keyframe: 3 0.07585 -0.86536 -0.49537 0 0.93286 -0.11386 0.34175 0 -0.35214 -0.48804 0.79862 0 -0.08489 0.22658 0.07297 1
keyframe: 4 -0.05233 -0.96774 -0.24642 0 0.91893 -0.14327 0.36747 0 -0.39093 -0.2072 0.89679 0 -0.08455 0.23025 0.07094 1
keyframe: 5 -0.15056 -0.98859 -0.00314 0 0.89596 -0.1378 0.4222 0 -0.41782 0.06075 0.90649 0 -0.08339 0.22615 0.06289 1
keyframe: 6 -0.20327 -0.97061 0.12877 0 0.92634 -0.14805 0.34635 0 -0.3171 0.18969 0.92922 0 -0.08134 0.21973 0.05759 1
keyframe: 7 -0.18751 -0.9731 0.1338 0 0.93433 -0.13467 0.32995 0 -0.30306 0.18689 0.93446 0 -0.07654 0.21418 0.05595 1
keyframe: 8 -0.11912 -0.99155 0.05119 0 0.94598 -0.09769 0.30913 0 -0.30152 0.08525 0.94963 0 -0.06829 0.20783 0.05186 1
keyframe: 9 0.00884 -0.99129 -0.13132 0 0.95088 -0.0323 0.30786 0 -0.30943 -0.12759 0.94232 0 -0.06049 0.20027 0.05011 1
keyframe: 10 0.11134 -0.95055 -0.28992 0 0.94986 0.01602 0.31225 0 -0.29216 -0.31015 0.90467 0 -0.04872 0.19369 0.04644 1
keyframe: 11 0.20499 -0.90555 -0.3714 0 0.94144 0.07864 0.32787 0 -0.26769 -0.41686 0.86865 0 -0.036 0.18712 0.03108 1
keyframe: 12 0.27533 -0.87674 -0.39434 0 0.93168 0.14224 0.33425 0 -0.23695 -0.45944 0.85601 0 -0.02125 0.18416 0.00722 1
keyframe: 13 0.32213 -0.86778 -0.37839 0 0.91967 0.19204 0.3425 0 -0.22455 -0.45833 0.85994 0 -0.00401 0.18825 -0.02026 1
keyframe: 14 0.35829 -0.86495 -0.3514 0 0.90245 0.22444 0.36769 0 -0.23916 -0.44886 0.86099 0 0.01216 0.19851 -0.04445 1
keyframe: 15 0.41936 -0.82716 -0.37407 0 0.86818 0.245 0.43154 0 -0.2653 -0.50574 0.82087 0 0.01926 0.20789 -0.05494 1
keyframe: 16 0.49488 -0.74125 -0.45346 0 0.81947 0.22452 0.52729 0 -0.28904 -0.63255 0.71855 0 0.02264 0.21327 -0.0536 1
keyframe: 17 0.53588 -0.6521 -0.53627 0 0.79904 0.18659 0.57157 0 -0.27265 -0.7348 0.62105 0 0.02537 0.21831 -0.05568 1
