#KeyframeAnimationInfo
Keyframe_Length: 62
BoneCount: 16
WeightVertexCount: 637

#Bone: hip 
globalBindposeInverse: 0 -1 0 0 0.99999 0 0 0 0 0 0.99999 0 -0.40047 0.00205 -0.00115 1
keyframe: 0 0.06316 0.05529 0.99647 0 -0.95945 -0.27144 0.07588 0 0.27468 -0.96086 0.0359 0 -0.00397 0.78353 -0.05043 1
keyframe: 1 0.06442 0.06448 0.99583 0 -0.95562 -0.28345 0.08017 0 0.28744 -0.95681 0.04336 0 -0.00337 0.75595 -0.05181 1
keyframe: 2 0.06731 0.07288 0.99506 0 -0.95244 -0.29236 0.08585 0 0.29717 -0.95352 0.04973 0 -0.00277 0.72521 -0.05312 1
keyframe: 3 0.0711 0.08134 0.99414 0 -0.95032 -0.29724 0.09228 0 0.30301 -0.95132 0.05617 0 -0.00204 0.69106 -0.05442 1
keyframe: 4 0.07506 0.0907 0.99304 0 -0.9497 -0.29709 0.09892 0 0.304 -0.95052 0.06384 0 -0.00102 0.65383 -0.05585 1
keyframe: 5 0.07655 0.09906 0.99213 0 -0.95294 -0.28546 0.10203 0 0.29333 -0.95325 0.07254 0 0.0006 0.61377 -0.05798 1
keyframe: 6 0.07586 0.10252 0.99183 0 -0.95855 -0.26644 0.10086 0 0.2746 -0.95838 0.07805 0 0.00248 0.57173 -0.06074 1
keyframe: 7 0.07217 0.10139 0.99222 0 -0.96549 -0.24245 0.095 0 0.2502 -0.96484 0.0804 0 0.00442 0.52777 -0.06391 1
keyframe: 8 0.06471 0.09613 0.99326 0 -0.97273 -0.21605 0.08428 0 0.2227 -0.97163 0.07952 0 0.00628 0.48171 -0.0672 1
keyframe: 9 0.05399 0.08966 0.9945 0 -0.97866 -0.19298 0.07053 0 0.19824 -0.97709 0.07733 0 0.00835 0.43349 -0.07057 1
keyframe: 10 0.05086 0.08203 0.99533 0 -0.98353 -0.16894 0.06418 0 0.17341 -0.9822 0.07209 0 0.01004 0.3812 -0.07263 1
keyframe: 11 0.05188 0.07441 0.99587 0 -0.98753 -0.14457 0.06224 0 0.14861 -0.98669 0.06598 0 0.01132 0.32425 -0.07367 1
keyframe: 12 0.05388 0.06811 0.99622 0 -0.99075 -0.12075 0.06184 0 0.12451 -0.99034 0.06097 0 0.01236 0.2625 -0.07428 1
keyframe: 13 0.0511 0.07971 0.9955 0 -0.99343 -0.09808 0.05885 0 0.10233 -0.99198 0.07417 0 0.01293 0.19531 -0.07632 1
keyframe: 14 0.04781 0.1026 0.99357 0 -0.99571 -0.07393 0.05555 0 0.07915 -0.99197 0.09863 0 0.01268 0.13226 -0.07908 1
keyframe: 15 0.0411 0.11611 0.99238 0 -0.9976 -0.05052 0.04723 0 0.05562 -0.99194 0.11376 0 0.0119 0.08298 -0.08205 1
keyframe: 16 0.02766 0.0998 0.99462 0 -0.99907 -0.02996 0.03079 0 0.03287 -0.99455 0.09888 0 0.01109 0.05523 -0.08518 1
keyframe: 17 0.03513 0.08568 0.9957 0 -0.99923 -0.01405 0.03646 0 0.01712 -0.99622 0.08512 0 0.01155 0.05028 -0.09028 1
keyframe: 18 0.03974 0.06613 0.99701 0 -0.99918 -0.00478 0.04014 0 0.00742 -0.99779 0.06588 0 0.01207 0.05041 -0.09336 1
keyframe: 19 0.03805 0.04734 0.99815 0 -0.99926 -0.00371 0.03827 0 0.00552 -0.99887 0.04717 0 0.0131 0.05275 -0.09369 1
keyframe: 20 0.02654 0.03535 0.99902 0 -0.99956 -0.01201 0.02698 0 0.01296 -0.9993 0.03501 0 0.01477 0.05647 -0.09179 1
keyframe: 21 0.01994 0.03538 0.99917 0 -0.99964 -0.01721 0.02056 0 0.01792 -0.99922 0.03502 0 0.0167 0.0583 -0.09116 1
keyframe: 22 0.01492 0.03416 0.9993 0 -0.99977 -0.01433 0.01542 0 0.01485 -0.99931 0.03394 0 0.01838 0.05822 -0.0909 1
keyframe: 23 0.01011 0.02991 0.9995 0 -0.99993 -0.00511 0.01027 0 0.00541 -0.99953 0.02986 0 0.01999 0.05701 -0.09097 1
keyframe: 24 0.00447 0.02084 0.99977 0 -0.99995 0.00862 0.00429 0 -0.00853 -0.99974 0.02088 0 0.02185 0.05559 -0.09142 1
keyframe: 25 0.00074 0.01467 0.99989 0 -0.9997 0.02431 0.00039 0 -0.02431 -0.99959 0.01468 0 0.02392 0.05375 -0.09208 1
keyframe: 26 -0.00229 0.01211 0.99992 0 -0.99932 0.03673 -0.00273 0 -0.03676 -0.99925 0.01202 0 0.02567 0.05217 -0.09298 1
keyframe: 27 -0.00505 0.01213 0.99991 0 -0.99896 0.04517 -0.00559 0 -0.04524 -0.9989 0.01189 0 0.02665 0.05096 -0.09436 1
keyframe: 28 -0.00793 0.01371 0.99987 0 -0.99876 0.04883 -0.00859 0 -0.04894 -0.99871 0.0133 0 0.02664 0.05011 -0.09638 1
keyframe: 29 -0.01302 0.01434 0.99981 0 -0.99857 0.05158 -0.01374 0 -0.05177 -0.99856 0.01365 0 0.02611 0.04982 -0.09735 1
keyframe: 30 -0.01633 0.01439 0.99976 0 -0.99833 0.05509 -0.0171 0 -0.05532 -0.99837 0.01347 0 0.02618 0.04967 -0.09772 1
keyframe: 31 -0.01586 0.01329 0.99978 0 -0.9981 0.05932 -0.01663 0 -0.05953 -0.99815 0.01232 0 0.02657 0.04961 -0.09738 1
keyframe: 32 -0.00971 0.01044 0.99989 0 -0.99788 0.06422 -0.01036 0 -0.06432 -0.99788 0.00979 0 0.02698 0.0496 -0.09628 1
keyframe: 33 -0.0064 0.01102 0.99991 0 -0.9979 0.06424 -0.00709 0 -0.06431 -0.99787 0.01059 0 0.02651 0.0492 -0.09526 1
keyframe: 34 -0.00389 0.01275 0.99991 0 -0.99822 0.05944 -0.00464 0 -0.0595 -0.99814 0.01249 0 0.02596 0.04868 -0.09491 1
keyframe: 35 -0.00178 0.01466 0.99989 0 -0.99869 0.05103 -0.00252 0 -0.05106 -0.99858 0.01455 0 0.02527 0.04814 -0.0949 1
keyframe: 36 0.00073 0.01578 0.99987 0 -0.99919 0.04015 9e-05 0 -0.04014 -0.99906 0.0158 0 0.02444 0.04767 -0.09492 1
keyframe: 37 0.00255 0.01559 0.99987 0 -0.99944 0.03319 0.00203 0 -0.03316 -0.99932 0.01567 0 0.02364 0.04744 -0.09483 1
keyframe: 38 0.00464 0.01454 0.99988 0 -0.99956 0.02901 0.00421 0 -0.02895 -0.99947 0.01467 0 0.0232 0.04743 -0.09491 1
keyframe: 39 0.00661 0.01302 0.99989 0 -0.99961 0.02711 0.00625 0 -0.02702 -0.99954 0.01319 0 0.02305 0.04759 -0.09491 1
keyframe: 40 0.00822 0.01139 0.9999 0 -0.9996 0.02696 0.00791 0 -0.02686 -0.99957 0.0116 0 0.02309 0.0478 -0.09466 1
keyframe: 41 0.00843 0.01012 0.99991 0 -0.99958 0.02766 0.00814 0 -0.02758 -0.99956 0.01035 0 0.02318 0.04794 -0.09433 1
keyframe: 42 0.00802 0.00914 0.99992 0 -0.99956 0.02848 0.00776 0 -0.0284 -0.99955 0.00937 0 0.02328 0.04797 -0.09412 1
keyframe: 43 0.00734 0.00846 0.99993 0 -0.99954 0.02933 0.00709 0 -0.02927 -0.99953 0.00868 0 0.02339 0.04792 -0.094 1
keyframe: 44 0.00671 0.0081 0.99994 0 -0.99952 0.03013 0.00646 0 -0.03007 -0.99951 0.00829 0 0.02351 0.0478 -0.09393 1
keyframe: 45 0.00635 0.00819 0.99994 0 -0.99951 0.03066 0.0061 0 -0.03061 -0.99949 0.00838 0 0.02364 0.04765 -0.09392 1
keyframe: 46 0.00613 0.00847 0.99994 0 -0.9995 0.03094 0.00586 0 -0.03089 -0.99948 0.00866 0 0.02373 0.0475 -0.09389 1
keyframe: 47 0.00598 0.00881 0.99994 0 -0.9995 0.03095 0.00571 0 -0.0309 -0.99948 0.009 0 0.02377 0.0474 -0.09388 1
keyframe: 48 0.00586 0.00908 0.99994 0 -0.99951 0.03069 0.00558 0 -0.03064 -0.99948 0.00925 0 0.02376 0.04735 -0.09393 1
keyframe: 49 0.00589 0.00891 0.99994 0 -0.99952 0.03026 0.00562 0 -0.03021 -0.9995 0.00908 0 0.02367 0.04735 -0.09393 1
keyframe: 50 0.00607 0.00854 0.99994 0 -0.99953 0.03003 0.00581 0 -0.02998 -0.99951 0.00872 0 0.02356 0.04738 -0.09392 1
keyframe: 51 0.00633 0.00812 0.99994 0 -0.99952 0.03008 0.00608 0 -0.03003 -0.99951 0.00831 0 0.02345 0.0474 -0.0939 1
keyframe: 52 0.00661 0.00779 0.99994 0 -0.99951 0.03044 0.00637 0 -0.03039 -0.9995 0.00798 0 0.02337 0.0474 -0.09388 1
keyframe: 53 0.00685 0.00767 0.99994 0 -0.99949 0.03098 0.00661 0 -0.03092 -0.99949 0.00788 0 0.02332 0.04737 -0.09387 1
keyframe: 54 0.00695 0.00764 0.99994 0 -0.99948 0.03139 0.0067 0 -0.03134 -0.99947 0.00785 0 0.02329 0.04733 -0.09387 1
keyframe: 55 0.00693 0.00761 0.99994 0 -0.99947 0.03172 0.00669 0 -0.03167 -0.99946 0.00782 0 0.02327 0.04729 -0.09387 1
keyframe: 56 0.00683 0.00754 0.99994 0 -0.99946 0.03203 0.00658 0 -0.03198 -0.99945 0.00776 0 0.02326 0.04726 -0.09387 1
keyframe: 57 0.00666 0.00746 0.99994 0 -0.99945 0.03244 0.00642 0 -0.03239 -0.99944 0.00767 0 0.02325 0.04724 -0.09387 1
keyframe: 58 0.00651 0.00739 0.99995 0 -0.99943 0.03293 0.00626 0 -0.03289 -0.99942 0.0076 0 0.02325 0.04722 -0.09387 1
keyframe: 59 0.00642 0.00732 0.99995 0 -0.99942 0.03335 0.00618 0 -0.0333 -0.99941 0.00753 0 0.02323 0.04721 -0.09387 1
keyframe: 60 0.00643 0.00725 0.99995 0 -0.99941 0.03362 0.00618 0 -0.03358 -0.9994 0.00746 0 0.0232 0.04719 -0.09387 1
keyframe: 61 0.00655 0.00716 0.99995 0 -0.99941 0.03369 0.00631 0 -0.03365 -0.9994 0.00737 0 0.02317 0.04717 -0.09388 1

#Bone: spine 
globalBindposeInverse: 0 -1 0 0 0.99999 0 0 0 0 0 0.99999 0 -0.46025 0.00205 -0.00115 1
keyframe: 0 0.07886 0.06519 0.99475 0 -0.96224 -0.25579 0.09305 0 0.26051 -0.96453 0.04255 0 -0.00019 0.78683 0.00912 1
keyframe: 1 0.08147 0.07769 0.99364 0 -0.9575 -0.27063 0.09967 0 0.27665 -0.95954 0.05234 0 0.00047 0.7598 0.00771 1
keyframe: 2 0.08515 0.08986 0.9923 0 -0.95326 -0.28241 0.10738 0 0.28988 -0.95507 0.06161 0 0.00124 0.72956 0.00635 1
keyframe: 3 0.08879 0.1019 0.99082 0 -0.95008 -0.29004 0.11497 0 0.29909 -0.95157 0.07106 0 0.0022 0.69592 0.00499 1
keyframe: 4 0.0913 0.114 0.98927 0 -0.94856 -0.29243 0.12124 0 0.30312 -0.94946 0.08144 0 0.00346 0.65926 0.0035 1
keyframe: 5 0.08929 0.12275 0.98841 0 -0.95202 -0.28112 0.12092 0 0.29271 -0.95178 0.09176 0 0.00517 0.61969 0.00131 1
keyframe: 6 0.08531 0.1247 0.98851 0 -0.95831 -0.26125 0.11566 0 0.27267 -0.95718 0.09721 0 0.00701 0.57786 -0.00146 1
keyframe: 7 0.07909 0.12081 0.98951 0 -0.96593 -0.23604 0.10603 0 0.24638 -0.9642 0.09802 0 0.00873 0.53383 -0.0046 1
keyframe: 8 0.07033 0.11201 0.99121 0 -0.97355 -0.20879 0.09267 0 0.21733 -0.97152 0.09437 0 0.01015 0.48745 -0.00783 1
keyframe: 9 0.0595 0.10384 0.99281 0 -0.97937 -0.18631 0.07818 0 0.19309 -0.97698 0.09061 0 0.01158 0.43885 -0.01112 1
keyframe: 10 0.05415 0.09777 0.99373 0 -0.98488 -0.15875 0.06928 0 0.16453 -0.98246 0.08769 0 0.01308 0.3861 -0.01313 1
keyframe: 11 0.05186 0.0937 0.99424 0 -0.98974 -0.12787 0.06367 0 0.1331 -0.98735 0.0861 0 0.01442 0.3287 -0.01414 1
keyframe: 12 0.05014 0.09158 0.99453 0 -0.99368 -0.09547 0.05889 0 0.10034 -0.9912 0.08622 0 0.01558 0.26657 -0.01473 1
keyframe: 13 0.04779 0.10787 0.99301 0 -0.99615 -0.06792 0.05532 0 0.07341 -0.99184 0.10421 0 0.01599 0.20007 -0.01681 1
keyframe: 14 0.0445 0.13657 0.98962 0 -0.99775 -0.04357 0.05087 0 0.05007 -0.98966 0.13433 0 0.01554 0.1384 -0.01969 1
keyframe: 15 0.03651 0.15102 0.98785 0 -0.99884 -0.02541 0.0408 0 0.03127 -0.9882 0.14992 0 0.01436 0.08992 -0.02273 1
keyframe: 16 0.01862 0.12484 0.992 0 -0.99965 -0.01597 0.02078 0 0.01844 -0.99204 0.1245 0 0.01274 0.06119 -0.02573 1
keyframe: 17 0.02167 0.10607 0.99412 0 -0.99971 -0.00752 0.02259 0 0.00987 -0.99432 0.10588 0 0.01365 0.0554 -0.03076 1
keyframe: 18 0.02626 0.07985 0.99646 0 -0.99963 -0.00364 0.02664 0 0.00576 -0.99679 0.07973 0 0.01444 0.05437 -0.03376 1
keyframe: 19 0.02612 0.05426 0.99818 0 -0.99963 -0.00492 0.02643 0 0.00635 -0.99851 0.05412 0 0.01537 0.05558 -0.03402 1
keyframe: 20 0.01508 0.03735 0.99918 0 -0.99981 -0.01151 0.01552 0 0.01208 -0.99923 0.03717 0 0.01636 0.05858 -0.03207 1
keyframe: 21 0.00687 0.03636 0.99931 0 -0.99988 -0.01357 0.00737 0 0.01383 -0.99924 0.03626 0 0.01789 0.06041 -0.03144 1
keyframe: 22 0.00072 0.03564 0.99936 0 -0.99993 -0.01113 0.00112 0 0.01117 -0.9993 0.03563 0 0.01927 0.06026 -0.03117 1
keyframe: 23 -0.00422 0.0324 0.99946 0 -0.99997 -0.00631 -0.00402 0 0.00618 -0.99945 0.03242 0 0.0206 0.0588 -0.03122 1
keyframe: 24 -0.0088 0.02379 0.99967 0 -0.99996 -0.00117 -0.00878 0 0.00096 -0.99971 0.0238 0 0.02212 0.05683 -0.03166 1
keyframe: 25 -0.0122 0.01594 0.99979 0 -0.99987 0.00962 -0.01235 0 -0.00981 -0.99982 0.01582 0 0.02396 0.05463 -0.03232 1
keyframe: 26 -0.01462 0.01013 0.99984 0 -0.99969 0.01961 -0.01482 0 -0.01976 -0.99975 0.00984 0 0.02553 0.05289 -0.03321 1
keyframe: 27 -0.01621 0.00607 0.99985 0 -0.99948 0.02762 -0.01637 0 -0.02772 -0.99959 0.00562 0 0.02635 0.05169 -0.03459 1
keyframe: 28 -0.01707 0.00345 0.99984 0 -0.99932 0.03248 -0.01718 0 -0.03253 -0.99946 0.00289 0 0.02617 0.05093 -0.03661 1
keyframe: 29 -0.02076 0.002 0.99978 0 -0.9991 0.03669 -0.02082 0 -0.03672 -0.99932 0.00124 0 0.02534 0.05068 -0.03758 1
keyframe: 30 -0.02467 0.00247 0.99969 0 -0.99874 0.04357 -0.02475 0 -0.04362 -0.99904 0.0014 0 0.02521 0.05053 -0.03796 1
keyframe: 31 -0.02672 0.0038 0.99963 0 -0.9983 0.05154 -0.02688 0 -0.05162 -0.99866 0.00242 0 0.02562 0.05041 -0.03762 1
keyframe: 32 -0.02486 0.00491 0.99967 0 -0.99794 0.05902 -0.02511 0 -0.05912 -0.99824 0.00344 0 0.0264 0.05023 -0.03651 1
keyframe: 33 -0.0223 0.00749 0.99972 0 -0.99791 0.06032 -0.02271 0 -0.06048 -0.99815 0.00613 0 0.02613 0.04986 -0.03549 1
keyframe: 34 -0.02008 0.00982 0.99975 0 -0.99822 0.0558 -0.02059 0 -0.05599 -0.99839 0.00868 0 0.02573 0.04945 -0.03514 1
keyframe: 35 -0.01767 0.01139 0.99977 0 -0.99873 0.04686 -0.01818 0 -0.04706 -0.99883 0.01055 0 0.02516 0.04902 -0.03513 1
keyframe: 36 -0.01452 0.01174 0.99982 0 -0.99927 0.03495 -0.01492 0 -0.03512 -0.99931 0.01123 0 0.02449 0.04861 -0.03515 1
keyframe: 37 -0.0118 0.01114 0.99986 0 -0.99952 0.02821 -0.01211 0 -0.02834 -0.99953 0.0108 0 0.0238 0.04837 -0.03507 1
keyframe: 38 -0.00997 0.01007 0.99989 0 -0.99964 0.02452 -0.01022 0 -0.02462 -0.99964 0.00983 0 0.02348 0.0483 -0.03515 1
keyframe: 39 -0.00892 0.00884 0.99992 0 -0.99969 0.02311 -0.00913 0 -0.02319 -0.99969 0.00863 0 0.02344 0.04836 -0.03515 1
keyframe: 40 -0.00856 0.00769 0.99993 0 -0.99969 0.02323 -0.00873 0 -0.02329 -0.9997 0.00749 0 0.02358 0.04848 -0.03489 1
keyframe: 41 -0.00881 0.00693 0.99993 0 -0.99967 0.02372 -0.00898 0 -0.02378 -0.99969 0.00672 0 0.02368 0.04854 -0.03456 1
keyframe: 42 -0.00918 0.0064 0.99993 0 -0.99966 0.02432 -0.00933 0 -0.02437 -0.99968 0.00617 0 0.02376 0.04852 -0.03435 1
keyframe: 43 -0.00965 0.00609 0.99993 0 -0.99963 0.02497 -0.0098 0 -0.02503 -0.99966 0.00585 0 0.02383 0.04843 -0.03423 1
keyframe: 44 -0.0102 0.00607 0.99992 0 -0.99961 0.02567 -0.01035 0 -0.02573 -0.99965 0.0058 0 0.02391 0.04828 -0.03416 1
keyframe: 45 -0.01078 0.00643 0.99992 0 -0.99959 0.02618 -0.01094 0 -0.02625 -0.99963 0.00614 0 0.02402 0.04814 -0.03414 1
keyframe: 46 -0.01122 0.00689 0.99991 0 -0.99958 0.0264 -0.0114 0 -0.02648 -0.99962 0.00659 0 0.02409 0.04801 -0.03411 1
keyframe: 47 -0.01151 0.00734 0.9999 0 -0.99958 0.02635 -0.0117 0 -0.02643 -0.99962 0.00703 0 0.02413 0.04793 -0.03411 1
keyframe: 48 -0.01161 0.00764 0.9999 0 -0.99959 0.026 -0.01181 0 -0.02609 -0.99963 0.00733 0 0.02412 0.04789 -0.03416 1
keyframe: 49 -0.01141 0.00752 0.9999 0 -0.9996 0.02555 -0.0116 0 -0.02563 -0.99964 0.00723 0 0.02403 0.04788 -0.03416 1
keyframe: 50 -0.01114 0.00722 0.99991 0 -0.99961 0.02535 -0.01132 0 -0.02543 -0.99965 0.00694 0 0.02392 0.04789 -0.03415 1
keyframe: 51 -0.01084 0.00691 0.99991 0 -0.99961 0.02554 -0.01101 0 -0.02562 -0.99964 0.00663 0 0.02383 0.04789 -0.03413 1
keyframe: 52 -0.01059 0.00667 0.99992 0 -0.9996 0.02608 -0.01076 0 -0.02615 -0.99963 0.00639 0 0.02376 0.04787 -0.03411 1
keyframe: 53 -0.01043 0.00667 0.99992 0 -0.99958 0.0268 -0.0106 0 -0.02687 -0.99961 0.00639 0 0.02373 0.04783 -0.0341 1
keyframe: 54 -0.01036 0.00674 0.99992 0 -0.99957 0.02734 -0.01054 0 -0.02741 -0.9996 0.00645 0 0.0237 0.04779 -0.03409 1
keyframe: 55 -0.01034 0.00681 0.99992 0 -0.99955 0.02782 -0.01052 0 -0.02789 -0.99958 0.00652 0 0.02368 0.04775 -0.0341 1
keyframe: 56 -0.01038 0.00685 0.99992 0 -0.99954 0.02827 -0.01057 0 -0.02834 -0.99957 0.00655 0 0.02367 0.04771 -0.0341 1
keyframe: 57 -0.01046 0.00684 0.99992 0 -0.99952 0.02888 -0.01066 0 -0.02895 -0.99955 0.00653 0 0.02365 0.04769 -0.0341 1
keyframe: 58 -0.01053 0.00682 0.99992 0 -0.9995 0.02961 -0.01072 0 -0.02968 -0.99953 0.0065 0 0.02364 0.04767 -0.0341 1
keyframe: 59 -0.01057 0.00679 0.99992 0 -0.99948 0.03023 -0.01077 0 -0.0303 -0.99951 0.00647 0 0.02362 0.04765 -0.0341 1
keyframe: 60 -0.01056 0.00676 0.99992 0 -0.99947 0.03065 -0.01076 0 -0.03073 -0.9995 0.00643 0 0.02359 0.04762 -0.0341 1
keyframe: 61 -0.01049 0.00671 0.99992 0 -0.99946 0.03081 -0.01069 0 -0.03088 -0.9995 0.00638 0 0.02356 0.0476 -0.0341 1

#Bone: upper 
globalBindposeInverse: 0 -1 0 0 0.99999 0 0 0 0 0 0.99999 0 -0.58494 0.00205 -0.00115 1
keyframe: 0 0.10035 0.08163 0.99159 0 -0.96983 -0.2145 0.11581 0 0.22216 -0.9733 0.05764 0 0.00963 0.79496 0.13316 1
keyframe: 1 0.10438 0.10024 0.98947 0 -0.96397 -0.23456 0.12545 0 0.24467 -0.96691 0.07214 0 0.01063 0.76949 0.13161 1
keyframe: 2 0.10759 0.11928 0.98701 0 -0.95846 -0.2513 0.13485 0 0.26413 -0.96052 0.08728 0 0.01186 0.74077 0.13008 1
keyframe: 3 0.1088 0.13785 0.98445 0 -0.95401 -0.26377 0.14237 0 0.2793 -0.95468 0.10281 0 0.01327 0.70863 0.12854 1
keyframe: 4 0.10697 0.15513 0.98208 0 -0.95137 -0.27101 0.14643 0 0.28887 -0.94999 0.11859 0 0.01484 0.67347 0.12685 1
keyframe: 5 0.09989 0.16554 0.98113 0 -0.9546 -0.26217 0.14142 0 0.28064 -0.95071 0.13183 0 0.01631 0.635 0.12456 1
keyframe: 6 0.09232 0.16562 0.98185 0 -0.96105 -0.24314 0.13137 0 0.26048 -0.95574 0.13672 0 0.01765 0.59341 0.1218 1
keyframe: 7 0.08395 0.15724 0.98398 0 -0.96887 -0.21789 0.11749 0 0.23288 -0.96322 0.13405 0 0.0186 0.54889 0.11878 1
keyframe: 8 0.07447 0.14211 0.98704 0 -0.97646 -0.19051 0.1011 0 0.20241 -0.97134 0.12458 0 0.01892 0.50142 0.11576 1
keyframe: 9 0.06425 0.13088 0.98931 0 -0.98167 -0.1699 0.08623 0 0.17937 -0.97672 0.11756 0 0.019 0.4518 0.11267 1
keyframe: 10 0.0562 0.12833 0.99013 0 -0.9879 -0.13639 0.07376 0 0.14452 -0.9823 0.11911 0 0.01983 0.3983 0.11077 1
keyframe: 11 0.05018 0.13186 0.98999 0 -0.99358 -0.09394 0.06287 0 0.10129 -0.9868 0.1263 0 0.02089 0.34039 0.10982 1
keyframe: 12 0.04567 0.13866 0.98928 0 -0.99752 -0.0467 0.05259 0 0.0535 -0.98923 0.13618 0 0.02184 0.27799 0.10927 1
keyframe: 13 0.04814 0.16428 0.98523 0 -0.99865 -0.01096 0.05062 0 0.01911 -0.98635 0.16354 0 0.02195 0.21353 0.107 1
keyframe: 14 0.04818 0.20428 0.97772 0 -0.99883 0.0126 0.04659 0 -0.0028 -0.97883 0.20465 0 0.02109 0.15543 0.1037 1
keyframe: 15 0.03919 0.22048 0.9746 0 -0.99916 0.01981 0.0357 0 -0.01144 -0.97518 0.22107 0 0.01891 0.10875 0.10044 1
keyframe: 16 0.01289 0.17495 0.98449 0 -0.9999 0.00714 0.01182 0 -0.00496 -0.98454 0.17503 0 0.01507 0.07676 0.09796 1
keyframe: 17 0.01969 0.1467 0.98898 0 -0.99978 -0.00375 0.02046 0 0.00671 -0.98917 0.1466 0 0.01635 0.06863 0.09319 1
keyframe: 18 0.02989 0.10701 0.9938 0 -0.99944 -0.0115 0.0313 0 0.01478 -0.99419 0.1066 0 0.01772 0.06432 0.09048 1
keyframe: 19 0.03257 0.0679 0.99715 0 -0.99929 -0.01652 0.03376 0 0.01876 -0.99755 0.06732 0 0.01863 0.06235 0.09044 1
keyframe: 20 0.01689 0.04139 0.99899 0 -0.99968 -0.01805 0.01765 0 0.01876 -0.99897 0.04107 0 0.01824 0.06324 0.09251 1
keyframe: 21 0.00408 0.03847 0.99925 0 -0.99989 -0.01349 0.0046 0 0.01366 -0.99916 0.03841 0 0.01875 0.06495 0.09316 1
keyframe: 22 -0.00403 0.03867 0.99924 0 -0.99992 -0.01194 -0.00357 0 0.01179 -0.99918 0.03871 0 0.01936 0.0647 0.09344 1
keyframe: 23 -0.00856 0.0372 0.99927 0 -0.99984 -0.01586 -0.00797 0 0.01555 -0.99918 0.03733 0 0.02007 0.06284 0.0934 1
keyframe: 24 -0.0105 0.02919 0.99951 0 -0.99957 -0.02763 -0.00969 0 0.02733 -0.99919 0.02946 0 0.02102 0.0598 0.09299 1
keyframe: 25 -0.01264 0.01762 0.99976 0 -0.99959 -0.02588 -0.01218 0 0.02566 -0.9995 0.01795 0 0.02244 0.05661 0.09234 1
keyframe: 26 -0.01243 0.00508 0.9999 0 -0.99972 -0.01976 -0.01232 0 0.0197 -0.99979 0.00533 0 0.02371 0.05416 0.09145 1
keyframe: 27 -0.01059 -0.00726 0.99991 0 -0.99987 -0.01134 -0.01067 0 0.01142 -0.9999 -0.00714 0 0.02433 0.05244 0.09007 1
keyframe: 28 -0.00777 -0.01822 0.9998 0 -0.99996 -0.00261 -0.00782 0 0.00275 -0.99983 -0.0182 0 0.02404 0.05136 0.08805 1
keyframe: 29 -0.01126 -0.02376 0.99965 0 -0.99992 0.00505 -0.01115 0 -0.00479 -0.9997 -0.02382 0 0.02275 0.05093 0.08707 1
keyframe: 30 -0.01662 -0.02259 0.9996 0 -0.99968 0.01915 -0.01619 0 -0.01877 -0.99956 -0.02291 0 0.02213 0.05084 0.08669 1
keyframe: 31 -0.02157 -0.01671 0.99962 0 -0.99916 0.03504 -0.02097 0 -0.03467 -0.99924 -0.01745 0 0.02229 0.05088 0.08702 1
keyframe: 32 -0.02387 -0.00815 0.99968 0 -0.99856 0.0481 -0.02346 0 -0.04789 -0.9988 -0.00929 0 0.0233 0.05084 0.08813 1
keyframe: 33 -0.02329 -0.00157 0.99972 0 -0.99835 0.05243 -0.02318 0 -0.05238 -0.99862 -0.00279 0 0.02335 0.0508 0.08917 1
keyframe: 34 -0.02165 0.00212 0.99976 0 -0.99857 0.04878 -0.02173 0 -0.04882 -0.9988 0.00106 0 0.02323 0.05067 0.08951 1
keyframe: 35 -0.01875 0.00328 0.99981 0 -0.99905 0.03911 -0.01886 0 -0.03917 -0.99922 0.00255 0 0.02296 0.05044 0.08953 1
keyframe: 36 -0.01428 0.00245 0.99989 0 -0.99957 0.02545 -0.01434 0 -0.02549 -0.99967 0.00208 0 0.02268 0.05007 0.08951 1
keyframe: 37 -0.01125 0.00128 0.99993 0 -0.99974 0.01931 -0.01127 0 -0.01932 -0.99981 0.00106 0 0.02233 0.04976 0.0896 1
keyframe: 38 -0.01012 0.00032 0.99994 0 -0.99981 0.01664 -0.01012 0 -0.01665 -0.99986 0.00015 0 0.02224 0.04956 0.08953 1
keyframe: 39 -0.01029 -0.00029 0.99994 0 -0.99981 0.01627 -0.01028 0 -0.01626 -0.99986 -0.00046 0 0.02233 0.04947 0.08953 1
keyframe: 40 -0.01115 -0.0005 0.99993 0 -0.99979 0.01693 -0.01114 0 -0.01692 -0.99985 -0.00069 0 0.02252 0.04944 0.08978 1
keyframe: 41 -0.01191 -0.00028 0.99992 0 -0.99978 0.017 -0.0119 0 -0.01699 -0.99985 -0.00048 0 0.02258 0.04941 0.09012 1
keyframe: 42 -0.01252 3e-05 0.99992 0 -0.99977 0.01717 -0.01252 0 -0.01717 -0.99985 -0.00017 0 0.02261 0.04932 0.09033 1
keyframe: 43 -0.01307 0.00047 0.99991 0 -0.99976 0.01748 -0.01308 0 -0.01748 -0.99984 0.00024 0 0.02263 0.04919 0.09045 1
keyframe: 44 -0.01364 0.00112 0.9999 0 -0.99974 0.01802 -0.01366 0 -0.01804 -0.99983 0.00087 0 0.02264 0.04904 0.09051 1
keyframe: 45 -0.01424 0.00199 0.99989 0 -0.99972 0.0185 -0.01428 0 -0.01853 -0.99982 0.00173 0 0.02267 0.04894 0.09053 1
keyframe: 46 -0.01471 0.00278 0.99988 0 -0.99971 0.01862 -0.01476 0 -0.01866 -0.99982 0.0025 0 0.02269 0.04887 0.09056 1
keyframe: 47 -0.01503 0.00342 0.99988 0 -0.99971 0.01842 -0.01509 0 -0.01847 -0.99982 0.00315 0 0.0227 0.04884 0.09056 1
keyframe: 48 -0.01523 0.00382 0.99987 0 -0.99972 0.01788 -0.0153 0 -0.01793 -0.99983 0.00354 0 0.02267 0.04884 0.09052 1
keyframe: 49 -0.01522 0.00382 0.99987 0 -0.99973 0.01733 -0.01528 0 -0.01738 -0.99984 0.00356 0 0.0226 0.04882 0.09052 1
keyframe: 50 -0.01519 0.00368 0.99987 0 -0.99973 0.01718 -0.01525 0 -0.01723 -0.99984 0.00342 0 0.02253 0.04879 0.09053 1
keyframe: 51 -0.0151 0.00358 0.99987 0 -0.99972 0.01763 -0.01516 0 -0.01768 -0.99983 0.00331 0 0.02248 0.04875 0.09055 1
keyframe: 52 -0.01506 0.00354 0.99988 0 -0.99971 0.0185 -0.01513 0 -0.01855 -0.99982 0.00326 0 0.02244 0.0487 0.09057 1
keyframe: 53 -0.01502 0.00374 0.99988 0 -0.99969 0.0196 -0.01509 0 -0.01966 -0.9998 0.00345 0 0.02243 0.04866 0.09058 1
keyframe: 54 -0.01509 0.004 0.99987 0 -0.99967 0.02039 -0.01517 0 -0.02045 -0.99978 0.00369 0 0.02241 0.04863 0.09058 1
keyframe: 55 -0.01514 0.00429 0.99987 0 -0.99965 0.02117 -0.01522 0 -0.02123 -0.99976 0.00397 0 0.02239 0.0486 0.09058 1
keyframe: 56 -0.01524 0.00451 0.99987 0 -0.99964 0.02192 -0.01534 0 -0.02199 -0.99974 0.00418 0 0.02237 0.04857 0.09058 1
keyframe: 57 -0.01533 0.00465 0.99987 0 -0.99961 0.02293 -0.01543 0 -0.023 -0.99972 0.0043 0 0.02235 0.04854 0.09058 1
keyframe: 58 -0.01538 0.00473 0.99987 0 -0.99958 0.02413 -0.01549 0 -0.0242 -0.99969 0.00435 0 0.02232 0.04852 0.09058 1
keyframe: 59 -0.01544 0.00477 0.99986 0 -0.99956 0.02515 -0.01556 0 -0.02522 -0.99967 0.00438 0 0.0223 0.04849 0.09058 1
keyframe: 60 -0.01552 0.0048 0.99986 0 -0.99954 0.02587 -0.01564 0 -0.02595 -0.99965 0.0044 0 0.02227 0.04847 0.09057 1
keyframe: 61 -0.01562 0.00484 0.99986 0 -0.99953 0.0262 -0.01575 0 -0.02627 -0.99964 0.00443 0 0.02225 0.04844 0.09057 1

#Bone: head 
globalBindposeInverse: 0 -1 0 0 0.99999 0 0 0 0 0 0.99999 0 -0.63789 0.00205 -0.00115 1
keyframe: 0 0.16339 0.43806 0.88396 0 -0.95331 -0.16054 0.25577 0 0.25396 -0.88448 0.39138 0 0.01495 0.79928 0.18566 1
keyframe: 1 0.15695 0.48281 0.86154 0 -0.94832 -0.16989 0.26797 0 0.27574 -0.85908 0.4312 0 0.01616 0.7748 0.184 1
keyframe: 2 0.14977 0.52387 0.83852 0 -0.94476 -0.17424 0.2776 0 0.29153 -0.83378 0.46884 0 0.01756 0.74708 0.18235 1
keyframe: 3 0.14103 0.55986 0.81649 0 -0.94352 -0.17373 0.2821 0 0.29979 -0.81016 0.50374 0 0.01903 0.71593 0.18067 1
keyframe: 4 0.13016 0.58959 0.79713 0 -0.94536 -0.16857 0.27905 0 0.2989 -0.7899 0.53544 0 0.02051 0.68169 0.17886 1
keyframe: 5 0.11282 0.61307 0.78192 0 -0.95468 -0.15122 0.25631 0 0.27539 -0.77541 0.56823 0 0.0216 0.64376 0.17651 1
keyframe: 6 0.09661 0.63073 0.76996 0 -0.96649 -0.12538 0.22399 0 0.23782 -0.7658 0.59748 0 0.02254 0.60218 0.17379 1
keyframe: 7 0.0845 0.64284 0.76132 0 -0.97792 -0.09304 0.1871 0 0.19111 -0.76032 0.62078 0 0.02304 0.55722 0.17088 1
keyframe: 8 0.07875 0.64894 0.75674 0 -0.98693 -0.05627 0.15096 0 0.14055 -0.75875 0.63603 0 0.02286 0.50895 0.16802 1
keyframe: 9 0.0732 0.651 0.75553 0 -0.99238 -0.02768 0.12001 0 0.09905 -0.75857 0.64401 0 0.0224 0.45873 0.16505 1
keyframe: 10 0.06716 0.65412 0.75339 0 -0.99656 0.00733 0.08247 0 0.04842 -0.75634 0.65237 0 0.02281 0.40509 0.1632 1
keyframe: 11 0.05986 0.65191 0.75592 0 -0.99818 0.04396 0.04113 0 -0.00642 -0.75701 0.65336 0 0.02355 0.34737 0.16224 1
keyframe: 12 0.04865 0.63761 0.76881 0 -0.99696 0.07786 -0.00149 0 -0.06081 -0.7664 0.63946 0 0.02426 0.28534 0.16166 1
keyframe: 13 0.05575 0.61373 0.78754 0 -0.994 0.10844 -0.01413 0 -0.09407 -0.78202 0.6161 0 0.0245 0.22223 0.15917 1
keyframe: 14 0.07254 0.57938 0.81181 0 -0.99058 0.13659 -0.00896 0 -0.11608 -0.80352 0.58384 0 0.02364 0.16624 0.15547 1
keyframe: 15 0.07877 0.49112 0.86752 0 -0.9881 0.15376 0.00266 0 -0.13208 -0.85741 0.49739 0 0.02099 0.12043 0.15204 1
keyframe: 16 0.053 0.29408 0.9543 0 -0.98893 0.14808 0.00929 0 -0.13858 -0.94423 0.29867 0 0.01575 0.08603 0.15009 1
keyframe: 17 0.03945 0.09965 0.99423 0 -0.98851 0.14913 0.02427 0 -0.14585 -0.98378 0.10439 0 0.01739 0.07639 0.14556 1
keyframe: 18 0.04136 -0.01555 0.99902 0 -0.98706 0.15436 0.04326 0 -0.15488 -0.98789 -0.00896 0 0.0193 0.06999 0.14311 1
keyframe: 19 0.04787 -0.04925 0.99763 0 -0.98429 0.16758 0.0555 0 -0.16992 -0.98462 -0.04046 0 0.02036 0.06595 0.14324 1
keyframe: 20 0.05012 -0.00369 0.99873 0 -0.97977 0.19378 0.04988 0 -0.19372 -0.98103 0.00609 0 0.01913 0.06543 0.14541 1
keyframe: 21 0.06821 0.09973 0.99267 0 -0.97587 0.21352 0.04561 0 -0.2074 -0.97183 0.11189 0 0.01896 0.06698 0.14607 1
keyframe: 22 0.0846 0.18543 0.979 0 -0.97379 0.22355 0.0418 0 -0.2111 -0.95689 0.19948 0 0.01915 0.06675 0.14635 1
keyframe: 23 0.09111 0.23736 0.96713 0 -0.97429 0.22217 0.03725 0 -0.20602 -0.94567 0.25151 0 0.01962 0.06481 0.14631 1
keyframe: 24 0.0808 0.24001 0.9674 0 -0.9777 0.20783 0.03009 0 -0.19383 -0.94825 0.25145 0 0.02047 0.06135 0.14591 1
keyframe: 25 0.06292 0.17887 0.98185 0 -0.97821 0.20604 0.02515 0 -0.1978 -0.96205 0.18794 0 0.02177 0.05755 0.14528 1
keyframe: 26 0.0602 0.09554 0.9936 0 -0.97689 0.21015 0.03898 0 -0.20508 -0.97298 0.10598 0 0.02305 0.05443 0.1444 1
keyframe: 27 0.07554 0.00581 0.99712 0 -0.97393 0.2149 0.07253 0 -0.21386 -0.97661 0.02189 0 0.02377 0.05206 0.14302 1
keyframe: 28 0.11275 -0.07397 0.99086 0 -0.96837 0.21519 0.12626 0 -0.22257 -0.97376 -0.04737 0 0.02363 0.0504 0.14099 1
keyframe: 29 0.1473 -0.10984 0.98297 0 -0.96293 0.21112 0.16789 0 -0.22597 -0.97126 -0.07467 0 0.02215 0.04967 0.14 1
keyframe: 30 0.1588 -0.12336 0.97957 0 -0.96021 0.21154 0.1823 0 -0.2297 -0.96955 -0.08486 0 0.02125 0.04964 0.13962 1
keyframe: 31 0.15148 -0.12567 0.98043 0 -0.96115 0.21281 0.17578 0 -0.23074 -0.96897 -0.08855 0 0.02115 0.05 0.13995 1
keyframe: 32 0.12922 -0.12767 0.98336 0 -0.96547 0.20999 0.15413 0 -0.22618 -0.96932 -0.09612 0 0.02203 0.05041 0.14106 1
keyframe: 33 0.10718 -0.14023 0.9843 0 -0.96949 0.20473 0.13473 0 -0.22041 -0.96871 -0.11401 0 0.02212 0.05071 0.1421 1
keyframe: 34 0.09568 -0.15341 0.98351 0 -0.9724 0.19679 0.12529 0 -0.21277 -0.96836 -0.13035 0 0.02208 0.05078 0.14245 1
keyframe: 35 0.09421 -0.1644 0.98188 0 -0.97425 0.18768 0.1249 0 -0.20482 -0.96837 -0.14248 0 0.02197 0.05061 0.14247 1
keyframe: 36 0.10204 -0.17009 0.98013 0 -0.97489 0.1789 0.13254 0 -0.19789 -0.96905 -0.14757 0 0.02192 0.0502 0.14245 1
keyframe: 37 0.10988 -0.16771 0.97969 0 -0.97452 0.17573 0.13938 0 -0.19553 -0.97004 -0.14412 0 0.02173 0.04983 0.14255 1
keyframe: 38 0.11471 -0.16426 0.97972 0 -0.97416 0.17451 0.14332 0 -0.19451 -0.97085 -0.14 0 0.0217 0.04958 0.14247 1
keyframe: 39 0.11729 -0.16102 0.97995 0 -0.9739 0.1744 0.14522 0 -0.19429 -0.97141 -0.13636 0 0.02178 0.04945 0.14248 1
keyframe: 40 0.11834 -0.1592 0.98012 0 -0.97376 0.17457 0.14593 0 -0.19434 -0.97168 -0.13437 0 0.02193 0.04942 0.14273 1
keyframe: 41 0.11867 -0.15833 0.98022 0 -0.97381 0.17424 0.14604 0 -0.19392 -0.97188 -0.1335 0 0.02195 0.04939 0.14306 1
keyframe: 42 0.11881 -0.15703 0.98041 0 -0.97384 0.17417 0.14591 0 -0.19367 -0.97211 -0.13223 0 0.02195 0.04932 0.14328 1
keyframe: 43 0.11878 -0.15532 0.98069 0 -0.97385 0.17439 0.14557 0 -0.19363 -0.97234 -0.13054 0 0.02194 0.04921 0.14339 1
keyframe: 44 0.1186 -0.1532 0.98105 0 -0.97383 0.17492 0.14504 0 -0.19383 -0.97258 -0.12844 0 0.02192 0.0491 0.14346 1
keyframe: 45 0.11828 -0.15152 0.98135 0 -0.97383 0.1754 0.14446 0 -0.19402 -0.97276 -0.12681 0 0.02192 0.04904 0.14348 1
keyframe: 46 0.1179 -0.15052 0.98154 0 -0.97389 0.17553 0.1439 0 -0.19395 -0.97289 -0.1259 0 0.02191 0.04902 0.1435 1
keyframe: 47 0.11744 -0.15017 0.98165 0 -0.97401 0.17531 0.14335 0 -0.19363 -0.97299 -0.12568 0 0.0219 0.04902 0.14351 1
keyframe: 48 0.11692 -0.15042 0.98168 0 -0.97419 0.17475 0.14281 0 -0.19304 -0.97305 -0.12611 0 0.02186 0.04905 0.14346 1
keyframe: 49 0.11667 -0.151 0.98162 0 -0.97432 0.17419 0.1426 0 -0.19252 -0.97306 -0.1268 0 0.0218 0.04902 0.14346 1
keyframe: 50 0.11667 -0.15155 0.98153 0 -0.97433 0.17408 0.14269 0 -0.19249 -0.97299 -0.12735 0 0.02173 0.04898 0.14347 1
keyframe: 51 0.11682 -0.15207 0.98144 0 -0.97423 0.17442 0.14299 0 -0.19293 -0.97285 -0.12777 0 0.02168 0.04894 0.14349 1
keyframe: 52 0.11703 -0.15255 0.98133 0 -0.97403 0.17518 0.1434 0 -0.19378 -0.97264 -0.12809 0 0.02165 0.04889 0.14351 1
keyframe: 53 0.11711 -0.15299 0.98126 0 -0.97384 0.176 0.14367 0 -0.19468 -0.97242 -0.12838 0 0.02163 0.04886 0.14352 1
keyframe: 54 0.11684 -0.15327 0.98125 0 -0.97376 0.17659 0.14353 0 -0.19528 -0.97227 -0.12861 0 0.02161 0.04884 0.14352 1
keyframe: 55 0.11621 -0.15338 0.9813 0 -0.97374 0.17709 0.143 0 -0.19572 -0.97216 -0.12877 0 0.02159 0.04883 0.14352 1
keyframe: 56 0.11527 -0.15334 0.98142 0 -0.97377 0.17764 0.14213 0 -0.19613 -0.97207 -0.12884 0 0.02156 0.04881 0.14352 1
keyframe: 57 0.11418 -0.15323 0.98156 0 -0.97377 0.17845 0.14113 0 -0.19679 -0.97194 -0.12884 0 0.02153 0.04879 0.14352 1
keyframe: 58 0.11347 -0.15324 0.98165 0 -0.97367 0.17944 0.14056 0 -0.19769 -0.97175 -0.12884 0 0.02151 0.04877 0.14352 1
keyframe: 59 0.11323 -0.15334 0.98166 0 -0.97352 0.18032 0.14046 0 -0.19855 -0.97158 -0.12886 0 0.02148 0.04875 0.14352 1
keyframe: 60 0.11345 -0.15349 0.98161 0 -0.97335 0.18096 0.14079 0 -0.19924 -0.97143 -0.12887 0 0.02145 0.04872 0.14352 1
keyframe: 61 0.11408 -0.15362 0.98152 0 -0.9732 0.18127 0.14148 0 -0.19965 -0.97135 -0.12882 0 0.02142 0.04869 0.14351 1

#Bone: L_arm 
globalBindposeInverse: 0.99983 0.01801 0 0 -0.01801 0.99983 0 0 0 0 1 0 -0.0589 -0.58577 -0.00115 1
keyframe: 0 0.82633 0.56292 0.01698 0 -0.34852 0.48745 0.80057 0 0.44238 -0.66745 0.59899 0 0.07496 0.80939 0.12503 1
keyframe: 1 0.84054 0.53869 0.05726 0 -0.39272 0.53312 0.74936 0 0.37315 -0.65236 0.65968 0 0.07556 0.78527 0.12283 1
keyframe: 2 0.83752 0.53883 0.09056 0 -0.44622 0.57888 0.68247 0 0.31531 -0.612 0.72527 0 0.07642 0.75767 0.12067 1
keyframe: 3 0.82744 0.54801 0.12255 0 -0.50382 0.6281 0.59299 0 0.24799 -0.55241 0.79582 0 0.07753 0.72636 0.11862 1
keyframe: 4 0.8182 0.55159 0.16209 0 -0.55504 0.68436 0.47283 0 0.14988 -0.47684 0.86611 0 0.07892 0.69169 0.11666 1
keyframe: 5 0.82004 0.52605 0.22537 0 -0.57203 0.7414 0.35084 0 0.01747 -0.41662 0.9089 0 0.08061 0.65261 0.11471 1
keyframe: 6 0.82582 0.47425 0.30512 0 -0.55243 0.78903 0.26877 0 -0.11328 -0.39051 0.91359 0 0.08239 0.60974 0.11262 1
keyframe: 7 0.83504 0.40229 0.3753 0 -0.50509 0.83099 0.23307 0 -0.21811 -0.38419 0.89711 0 0.08387 0.56353 0.11054 1
keyframe: 8 0.85361 0.31873 0.41199 0 -0.44037 0.86402 0.24397 0 -0.27821 -0.38969 0.87791 0 0.0847 0.51421 0.10862 1
keyframe: 9 0.84254 0.23384 0.48521 0 -0.38613 0.89029 0.24142 0 -0.37553 -0.39076 0.8404 0 0.08514 0.46321 0.10653 1
keyframe: 10 0.85971 0.08042 0.50439 0 -0.25515 0.9231 0.2877 0 -0.44247 -0.37604 0.81413 0 0.08639 0.40745 0.10547 1
keyframe: 11 0.88717 -0.09812 0.45087 0 -0.0806 0.92914 0.36081 0 -0.45433 -0.35645 0.8164 0 0.08784 0.34667 0.10526 1
keyframe: 12 0.91848 -0.25364 0.3034 0 0.11454 0.90495 0.40979 0 -0.37851 -0.34163 0.86023 0 0.08905 0.2811 0.1054 1
keyframe: 13 0.94239 -0.23347 0.23953 0 0.18823 0.96212 0.19719 0 -0.27649 -0.14074 0.95065 0 0.08924 0.21421 0.10326 1
keyframe: 14 0.96415 -0.14179 0.22425 0 0.12938 0.98917 0.06919 0 -0.23164 -0.0377 0.97207 0 0.08839 0.15451 0.10024 1
keyframe: 15 0.97417 0.00969 0.22559 0 -0.02252 0.99826 0.05436 0 -0.22467 -0.05803 0.9727 0 0.08624 0.10735 0.09771 1
keyframe: 16 0.94727 0.20695 0.24462 0 -0.24594 0.95896 0.14108 0 -0.20538 -0.1938 0.95929 0 0.08245 0.07622 0.09684 1
keyframe: 17 0.9421 0.25679 0.21563 0 -0.27966 0.95652 0.08275 0 -0.18501 -0.13826 0.97296 0 0.08373 0.06883 0.09149 1
keyframe: 18 0.91055 0.35047 0.21921 0 -0.38329 0.9144 0.13016 0 -0.15483 -0.20254 0.96695 0 0.08506 0.06506 0.08805 1
keyframe: 19 0.86858 0.43731 0.23305 0 -0.4854 0.8455 0.22249 0 -0.09974 -0.30638 0.94666 0 0.08597 0.06344 0.08783 1
keyframe: 20 0.85712 0.4726 0.2049 0 -0.51504 0.79258 0.3264 0 -0.00814 -0.3853 0.92275 0 0.0856 0.06444 0.09099 1
keyframe: 21 0.88022 0.42685 0.20737 0 -0.47454 0.78835 0.39154 0 0.00364 -0.44305 0.89648 0 0.08613 0.06584 0.09252 1
keyframe: 22 0.89603 0.38582 0.2197 0 -0.44382 0.79189 0.41943 0 -0.01215 -0.47333 0.88079 0 0.08676 0.0655 0.09335 1
keyframe: 23 0.90472 0.35269 0.23891 0 -0.42413 0.79806 0.42801 0 -0.0397 -0.48856 0.87162 0 0.08746 0.0639 0.0936 1
keyframe: 24 0.90666 0.33387 0.25784 0 -0.41734 0.79901 0.4329 0 -0.06148 -0.50011 0.86377 0 0.08839 0.06165 0.09331 1
keyframe: 25 0.90886 0.33127 0.25341 0 -0.41253 0.80348 0.4292 0 -0.06143 -0.49463 0.86692 0 0.08981 0.05835 0.09284 1
keyframe: 26 0.91352 0.32192 0.24867 0 -0.40159 0.81105 0.42533 0 -0.06476 -0.48842 0.87019 0 0.09109 0.05549 0.09195 1
keyframe: 27 0.91893 0.30408 0.25117 0 -0.38677 0.81946 0.42294 0 -0.07722 -0.4858 0.87064 0 0.09172 0.05321 0.09046 1
keyframe: 28 0.923 0.27569 0.26841 0 -0.37015 0.82669 0.42375 0 -0.10507 -0.49048 0.86509 0 0.09143 0.05155 0.08825 1
keyframe: 29 0.92539 0.24193 0.29174 0 -0.35362 0.82809 0.43497 0 -0.13636 -0.50568 0.85187 0 0.09014 0.05059 0.08749 1
keyframe: 30 0.92755 0.21006 0.30904 0 -0.33527 0.83301 0.44008 0 -0.16499 -0.51181 0.8431 0 0.08951 0.04955 0.08745 1
keyframe: 31 0.93024 0.18259 0.31829 0 -0.31579 0.84011 0.44099 0 -0.18687 -0.51075 0.83917 0 0.08964 0.04853 0.0881 1
keyframe: 32 0.93446 0.16167 0.31724 0 -0.29587 0.84826 0.43921 0 -0.19809 -0.50429 0.8405 0 0.0906 0.0476 0.08938 1
keyframe: 33 0.9379 0.15128 0.31216 0 -0.28349 0.85287 0.43843 0 -0.1999 -0.49971 0.8428 0 0.09064 0.04726 0.0904 1
keyframe: 34 0.93968 0.14659 0.30902 0 -0.27771 0.85441 0.43914 0 -0.19966 -0.49848 0.84359 0 0.09053 0.04738 0.09065 1
keyframe: 35 0.94082 0.14585 0.30588 0 -0.27583 0.85396 0.44121 0 -0.19686 -0.49947 0.84366 0 0.0903 0.0478 0.09047 1
keyframe: 36 0.94225 0.14728 0.30076 0 -0.27511 0.85253 0.44441 0 -0.19096 -0.50149 0.84382 0 0.09005 0.04836 0.09015 1
keyframe: 37 0.94349 0.14815 0.29641 0 -0.27396 0.85194 0.44624 0 -0.18641 -0.50223 0.84439 0 0.08971 0.04846 0.09003 1
keyframe: 38 0.9446 0.14813 0.29288 0 -0.27241 0.85158 0.44787 0 -0.18307 -0.50285 0.84476 0 0.08962 0.04844 0.08988 1
keyframe: 39 0.94576 0.14781 0.28926 0 -0.27046 0.85151 0.44919 0 -0.17991 -0.50306 0.84531 0 0.08972 0.04837 0.08989 1
keyframe: 40 0.94718 0.14778 0.28459 0 -0.26812 0.8518 0.45004 0 -0.17591 -0.50258 0.84644 0 0.0899 0.0483 0.0902 1
keyframe: 41 0.94766 0.14821 0.28279 0 -0.26752 0.85204 0.44994 0 -0.17426 -0.50204 0.8471 0 0.08996 0.04826 0.09059 1
keyframe: 42 0.94736 0.14852 0.28361 0 -0.26819 0.85197 0.44967 0 -0.17484 -0.50207 0.84696 0 0.09 0.04816 0.09084 1
keyframe: 43 0.94666 0.14878 0.28581 0 -0.26955 0.85166 0.44945 0 -0.17654 -0.50252 0.84634 0 0.09001 0.04801 0.091 1
keyframe: 44 0.94591 0.14905 0.28813 0 -0.27104 0.85116 0.44949 0 -0.17825 -0.50328 0.84553 0 0.09002 0.04783 0.0911 1
keyframe: 45 0.94586 0.14947 0.2881 0 -0.27134 0.85123 0.44919 0 -0.1781 -0.50305 0.8457 0 0.09005 0.04769 0.09116 1
keyframe: 46 0.9461 0.14991 0.28707 0 -0.27103 0.8517 0.44849 0 -0.17726 -0.50212 0.84642 0 0.09007 0.04761 0.09123 1
keyframe: 47 0.94646 0.15033 0.28567 0 -0.27048 0.85237 0.44755 0 -0.17621 -0.50086 0.84739 0 0.09008 0.0476 0.09125 1
keyframe: 48 0.94673 0.15072 0.28454 0 -0.27002 0.85303 0.44656 0 -0.17541 -0.49961 0.84829 0 0.09005 0.04764 0.09122 1
keyframe: 49 0.94682 0.15123 0.28397 0 -0.27012 0.85315 0.44627 0 -0.17477 -0.49925 0.84864 0 0.08999 0.04765 0.09122 1
keyframe: 50 0.94681 0.15179 0.28371 0 -0.27049 0.85302 0.4463 0 -0.17426 -0.49931 0.84871 0 0.08992 0.04763 0.09122 1
keyframe: 51 0.94676 0.15237 0.28358 0 -0.27097 0.85279 0.44644 0 -0.17381 -0.49951 0.84868 0 0.08986 0.04756 0.09124 1
keyframe: 52 0.9467 0.15294 0.28345 0 -0.27143 0.85262 0.44649 0 -0.17339 -0.49963 0.8487 0 0.08982 0.04745 0.09126 1
keyframe: 53 0.94667 0.1535 0.28327 0 -0.27176 0.85269 0.44615 0 -0.17306 -0.49934 0.84894 0 0.08981 0.04734 0.09127 1
keyframe: 54 0.9466 0.15401 0.28323 0 -0.27207 0.85294 0.44548 0 -0.17297 -0.49876 0.8493 0 0.08979 0.04726 0.09127 1
keyframe: 55 0.94652 0.15442 0.28328 0 -0.27229 0.85332 0.44463 0 -0.17306 -0.49799 0.84973 0 0.08977 0.04717 0.09128 1
keyframe: 56 0.94645 0.1547 0.28333 0 -0.27237 0.85379 0.44366 0 -0.17327 -0.49708 0.85022 0 0.08975 0.04709 0.09128 1
keyframe: 57 0.94647 0.15477 0.28325 0 -0.27219 0.85436 0.44268 0 -0.17348 -0.49608 0.85076 0 0.08972 0.04699 0.09129 1
keyframe: 58 0.94656 0.15465 0.28301 0 -0.27178 0.85494 0.44181 0 -0.17363 -0.49512 0.85129 0 0.08969 0.04689 0.09129 1
keyframe: 59 0.94664 0.15447 0.28285 0 -0.27139 0.85543 0.44111 0 -0.17382 -0.49434 0.85171 0 0.08967 0.0468 0.09129 1
keyframe: 60 0.94667 0.15429 0.28284 0 -0.27111 0.85579 0.44057 0 -0.17407 -0.49376 0.85199 0 0.08964 0.04672 0.0913 1
keyframe: 61 0.94664 0.15415 0.28303 0 -0.27101 0.85603 0.44018 0 -0.17442 -0.4934 0.85213 0 0.08962 0.04667 0.0913 1

#Bone: L_arm2 
globalBindposeInverse: 0.99968 -0.02514 0 0 0.02514 0.99968 0 0 0 0 1 0 -0.19422 -0.57792 -0.00115 1
keyframe: 0 0.9147 0.12712 0.38359 0 -0.37322 0.62972 0.68128 0 -0.15495 -0.76634 0.62346 0 0.16602 0.87142 0.1269 1
keyframe: 1 0.90614 0.20871 0.36787 0 -0.41086 0.64092 0.64838 0 -0.10045 -0.73868 0.66652 0 0.16818 0.84463 0.12914 1
keyframe: 2 0.88199 0.2597 0.39324 0 -0.4578 0.67013 0.58423 0 -0.11179 -0.69531 0.70995 0 0.16871 0.81704 0.13065 1
keyframe: 3 0.84523 0.29774 0.44377 0 -0.5068 0.71 0.48892 0 -0.1695 -0.63815 0.75101 0 0.16871 0.78675 0.13213 1
keyframe: 4 0.79854 0.3372 0.49861 0 -0.54594 0.7546 0.36402 0 -0.2535 -0.5629 0.78668 0 0.16908 0.75247 0.13452 1
keyframe: 5 0.75314 0.34536 0.5599 0 -0.54773 0.8006 0.24292 0 -0.36436 -0.48963 0.79214 0 0.17097 0.71058 0.13954 1
keyframe: 6 0.71 0.30883 0.63286 0 -0.51231 0.84312 0.16333 0 -0.48313 -0.44019 0.75684 0 0.17339 0.662 0.14624 1
keyframe: 7 0.6545 0.22793 0.72087 0 -0.44379 0.88775 0.12223 0 -0.6121 -0.39992 0.68219 0 0.17588 0.60786 0.15189 1
keyframe: 8 0.56396 0.10748 0.81877 0 -0.34308 0.93237 0.11391 0 -0.75115 -0.34515 0.5627 0 0.17876 0.54934 0.15402 1
keyframe: 9 0.52132 0.04135 0.85235 0 -0.27886 0.95224 0.12436 0 -0.8065 -0.30252 0.50796 0 0.17798 0.48898 0.15999 1
keyframe: 10 0.47619 -0.08977 0.87474 0 -0.12766 0.97717 0.16978 0 -0.87002 -0.19252 0.45386 0 0.18112 0.41631 0.16105 1
keyframe: 11 0.46073 -0.233 0.8564 0 0.06085 0.97094 0.23143 0 -0.88545 -0.05451 0.46152 0 0.18559 0.33586 0.15494 1
keyframe: 12 0.53234 -0.35264 0.76957 0 0.2429 0.9345 0.26018 0 -0.81092 0.04842 0.58314 0 0.19026 0.25315 0.13884 1
keyframe: 13 0.73427 -0.24301 0.63386 0 0.25822 0.96352 0.07027 0 -0.62782 0.11207 0.77024 0 0.19308 0.18848 0.12966 1
keyframe: 14 0.75702 -0.11101 0.64389 0 0.1993 0.97772 -0.06574 0 -0.62225 0.1781 0.76228 0 0.19463 0.13889 0.12495 1
keyframe: 15 0.67766 0.02806 0.73483 0 0.07722 0.99103 -0.10906 0 -0.7313 0.13065 0.66942 0 0.19358 0.10841 0.12257 1
keyframe: 16 0.55155 0.10109 0.82799 0 -0.11319 0.99251 -0.04578 0 -0.82642 -0.06847 0.55886 0 0.18683 0.09903 0.12379 1
keyframe: 17 0.50557 0.17075 0.84571 0 -0.13334 0.9839 -0.11893 0 -0.85241 -0.05264 0.52021 0 0.18754 0.09713 0.11525 1
